,fd1,fd2,fd3,fd4,fd5,fd6,fd7
0,763.5030406821948,763.5030406821948,763.5030406821948,763.5030406821948,763.5030406821948,763.5030406821948,763.5030406821948
1,794.796026246461,794.796026246461,794.796026246461,794.796026246461,794.796026246461,794.796026246461,794.796026246461
2,794.796026246461,794.796026246461,794.796026246461,794.796026246461,794.796026246461,794.796026246461,794.796026246461
3,794.796026246461,794.796026246461,794.796026246461,794.796026246461,794.796026246461,794.796026246461,794.796026246461
4,794.796026246461,794.796026246461,794.796026246461,794.796026246461,794.796026246461,794.796026246461,794.796026246461
5,794.796026246461,794.796026246461,794.796026246461,794.796026246461,794.796026246461,794.796026246461,794.796026246461
6,794.796026246461,794.796026246461,794.796026246461,794.796026246461,794.796026246461,794.796026246461,794.796026246461
7,794.796026246461,794.796026246461,794.796026246461,794.796026246461,794.796026246461,794.796026246461,794.796026246461
8,794.796026246461,794.796026246461,794.796026246461,794.796026246461,794.796026246461,794.796026246461,794.796026246461
9,794.796026246461,794.796026246461,794.796026246461,794.796026246461,794.796026246461,794.796026246461,794.796026246461
10,794.796026246461,794.796026246461,794.796026246461,794.796026246461,794.796026246461,794.796026246461,794.796026246461
11,794.796026246461,794.796026246461,794.796026246461,794.796026246461,794.796026246461,794.796026246461,794.796026246461
12,794.796026246461,794.796026246461,794.796026246461,794.796026246461,794.796026246461,794.796026246461,794.796026246461
13,794.796026246461,794.796026246461,794.796026246461,794.796026246461,794.796026246461,794.796026246461,794.796026246461
14,794.796026246461,794.796026246461,794.796026246461,794.796026246461,794.796026246461,794.796026246461,794.796026246461
15,794.796026246461,794.796026246461,794.796026246461,794.796026246461,794.796026246461,794.796026246461,794.796026246461
16,794.796026246461,794.796026246461,794.796026246461,794.796026246461,794.796026246461,794.796026246461,794.796026246461
17,794.796026246461,794.796026246461,794.796026246461,794.796026246461,794.796026246461,794.796026246461,794.796026246461
18,794.796026246461,794.796026246461,794.796026246461,794.796026246461,794.796026246461,794.796026246461,794.796026246461
19,794.796026246461,794.796026246461,794.796026246461,794.796026246461,794.796026246461,794.796026246461,794.796026246461
20,794.796026246461,794.796026246461,794.796026246461,794.796026246461,794.796026246461,794.796026246461,794.796026246461
21,794.796026246461,794.796026246461,794.796026246461,794.796026246461,794.796026246461,794.796026246461,794.796026246461
22,794.796026246461,794.796026246461,794.796026246461,794.796026246461,794.796026246461,794.796026246461,794.796026246461
23,794.796026246461,794.796026246461,794.796026246461,794.796026246461,794.796026246461,794.796026246461,794.796026246461
24,1851.7476901041211,1851.7476901041211,1851.7476901041211,1851.7476901041211,1851.7476901041211,1851.7476901041211,1851.7476901041211
25,1633.189350072018,1633.189350072018,1633.189350072018,1633.189350072018,1633.189350072018,1633.189350072018,1633.189350072018
26,1318.64154722804,1318.64154722804,1318.64154722804,1318.64154722804,1318.64154722804,1318.64154722804,1318.64154722804
27,1108.356112560782,1108.356112560782,1108.356112560782,1108.356112560782,1108.356112560782,1108.356112560782,1108.356112560782
28,1058.3401710809985,1058.3401710809985,1058.3401710809985,1058.3401710809985,1058.3401710809985,1058.3401710809985,1058.3401710809985
29,992.010075462861,992.010075462861,992.010075462861,992.010075462861,992.010075462861,992.010075462861,992.010075462861
30,794.796026246461,794.796026246461,794.796026246461,794.796026246461,794.796026246461,794.796026246461,794.796026246461
31,794.796026246461,794.796026246461,794.796026246461,794.796026246461,794.796026246461,794.796026246461,794.796026246461
32,794.796026246461,794.796026246461,794.796026246461,794.796026246461,794.796026246461,794.796026246461,794.796026246461
33,794.796026246461,794.796026246461,794.796026246461,794.796026246461,794.796026246461,794.796026246461,794.796026246461
34,794.796026246461,794.796026246461,794.796026246461,794.796026246461,794.796026246461,794.796026246461,794.796026246461
35,794.796026246461,794.796026246461,794.796026246461,794.796026246461,794.796026246461,794.796026246461,794.796026246461
36,794.796026246461,794.796026246461,794.796026246461,794.796026246461,794.796026246461,794.796026246461,794.796026246461
37,794.796026246461,794.796026246461,794.796026246461,794.796026246461,794.796026246461,794.796026246461,794.796026246461
38,794.796026246461,794.796026246461,794.796026246461,794.796026246461,794.796026246461,794.796026246461,794.796026246461
39,794.796026246461,794.796026246461,794.796026246461,794.796026246461,794.796026246461,794.796026246461,794.796026246461
40,794.796026246461,794.796026246461,794.796026246461,794.796026246461,794.796026246461,794.796026246461,794.796026246461
41,794.796026246461,794.796026246461,794.796026246461,794.796026246461,794.796026246461,794.796026246461,794.796026246461
42,794.796026246461,794.796026246461,794.796026246461,794.796026246461,794.796026246461,794.796026246461,794.796026246461
43,794.796026246461,794.796026246461,794.796026246461,794.796026246461,794.796026246461,794.796026246461,794.796026246461
44,794.796026246461,794.796026246461,794.796026246461,794.796026246461,794.796026246461,794.796026246461,794.796026246461
45,794.796026246461,794.796026246461,794.796026246461,794.796026246461,794.796026246461,794.796026246461,794.796026246461
46,794.796026246461,794.796026246461,794.796026246461,794.796026246461,794.796026246461,794.796026246461,794.796026246461
47,727.0829922364579,727.0829922364579,727.0829922364579,727.0829922364579,727.0829922364579,727.0829922364579,727.0829922364579
48,658.2598538210838,658.2598538210838,658.2598538210838,658.2598538210838,658.2598538210838,658.2598538210838,658.2598538210838
49,603.5892770231569,603.5892770231569,603.5892770231569,603.5892770231569,603.5892770231569,603.5892770231569,603.5892770231569
50,567.323461836781,567.323461836781,567.323461836781,567.323461836781,567.323461836781,567.323461836781,567.323461836781
51,657.7283060001379,657.7283060001379,657.7283060001379,657.7283060001379,657.7283060001379,657.7283060001379,657.7283060001379
52,794.796026246461,794.796026246461,794.796026246461,794.796026246461,794.796026246461,794.796026246461,794.796026246461
53,794.796026246461,794.796026246461,794.796026246461,794.796026246461,794.796026246461,794.796026246461,794.796026246461
54,794.796026246461,794.796026246461,794.796026246461,794.796026246461,794.796026246461,794.796026246461,794.796026246461
55,794.796026246461,794.796026246461,794.796026246461,794.796026246461,794.796026246461,794.796026246461,794.796026246461
56,742.2898016108558,742.2898016108558,742.2898016108558,742.2898016108558,742.2898016108558,742.2898016108558,742.2898016108558
57,681.0278497165829,681.0278497165829,681.0278497165829,681.0278497165829,681.0278497165829,681.0278497165829,681.0278497165829
58,596.6237084770802,596.6237084770802,596.6237084770802,596.6237084770802,596.6237084770802,596.6237084770802,596.6237084770802
59,524.4756376744629,524.4756376744629,524.4756376744629,524.4756376744629,524.4756376744629,524.4756376744629,524.4756376744629
60,464.9357077487305,464.9357077487305,464.9357077487305,464.9357077487305,464.9357077487305,464.9357077487305,464.9357077487305
61,421.3465759784018,421.3465759784018,421.3465759784018,421.3465759784018,421.3465759784018,421.3465759784018,421.3465759784018
62,386.13512598925485,386.13512598925485,386.13512598925485,386.13512598925485,386.13512598925485,386.13512598925485,386.13512598925485
63,352.90049321191907,352.90049321191907,352.90049321191907,352.90049321191907,352.90049321191907,352.90049321191907,352.90049321191907
64,321.089744648422,321.089744648422,321.089744648422,321.089744648422,321.089744648422,321.089744648422,321.089744648422
65,283.9715883174545,283.9715883174545,283.9715883174545,283.9715883174545,283.9715883174545,283.9715883174545,283.9715883174545
66,247.58444471458753,247.58444471458753,247.58444471458753,247.58444471458753,247.58444471458753,247.58444471458753,247.58444471458753
67,213.7044742476944,213.7044742476944,213.7044742476944,213.7044742476944,213.7044742476944,213.7044742476944,213.7044742476944
68,185.44711258460754,185.44711258460754,185.44711258460754,185.44711258460754,185.44711258460754,185.44711258460754,185.44711258460754
69,165.34354731231835,165.34354731231835,165.34354731231835,165.34354731231835,165.34354731231835,165.34354731231835,165.34354731231835
70,152.85520117346925,152.85520117346925,152.85520117346925,152.85520117346925,152.85520117346925,152.85520117346925,152.85520117346925
71,134.2728602118753,134.2728602118753,134.2728602118753,134.2728602118753,134.2728602118753,134.2728602118753,134.2728602118753
72,112.63249117561139,112.63249117561139,112.63249117561139,112.63249117561139,112.63249117561139,112.63249117561139,112.63249117561139
73,119.64210229083025,119.64210229083025,119.64210229083025,119.64210229083025,119.64210229083025,119.64210229083025,119.64210229083025
74,126.964437940292,126.964437940292,126.964437940292,126.964437940292,126.964437940292,126.964437940292,126.964437940292
75,145.44553734696123,145.44553734696123,145.44553734696123,145.44553734696123,145.44553734696123,145.44553734696123,145.44553734696123
76,167.05803919729811,167.05803919729811,167.05803919729811,167.05803919729811,167.05803919729811,167.05803919729811,167.05803919729811
77,192.5307776764614,192.5307776764614,192.5307776764614,192.5307776764614,192.5307776764614,192.5307776764614,192.5307776764614
78,222.25752338453177,222.25752338453177,222.25752338453177,222.25752338453177,222.25752338453177,222.25752338453177,222.25752338453177
79,255.6794527246778,255.6794527246778,255.6794527246778,255.6794527246778,255.6794527246778,255.6794527246778,255.6794527246778
80,309.92537625976183,309.92537625976183,309.92537625976183,309.92537625976183,309.92537625976183,309.92537625976183,309.92537625976183
81,388.02944019771286,388.02944019771286,388.02944019771286,388.02944019771286,388.02944019771286,388.02944019771286,388.02944019771286
82,478.359696398789,478.359696398789,478.359696398789,478.359696398789,478.359696398789,478.359696398789,478.359696398789
83,513.7368747559328,513.7368747559328,513.7368747559328,513.7368747559328,513.7368747559328,513.7368747559328,513.7368747559328
84,536.6651809265994,536.6651809265994,536.6651809265994,536.6651809265994,536.6651809265994,536.6651809265994,536.6651809265994
85,560.198485137637,560.198485137637,560.198485137637,560.198485137637,560.198485137637,560.198485137637,560.198485137637
86,546.4532286951537,546.4532286951537,546.4532286951537,546.4532286951537,546.4532286951537,546.4532286951537,546.4532286951537
87,524.1453551448476,524.1453551448476,524.1453551448476,524.1453551448476,524.1453551448476,524.1453551448476,524.1453551448476
88,514.6105257171463,514.6105257171463,514.6105257171463,514.6105257171463,514.6105257171463,514.6105257171463,514.6105257171463
89,450.2899449637592,450.2899449637592,450.2899449637592,450.2899449637592,450.2899449637592,450.2899449637592,450.2899449637592
90,358.34076251079904,358.34076251079904,358.34076251079904,358.34076251079904,358.34076251079904,358.34076251079904,358.34076251079904
91,281.8500741447478,281.8500741447478,281.8500741447478,281.8500741447478,281.8500741447478,281.8500741447478,281.8500741447478
92,213.5180345473044,213.5180345473044,213.5180345473044,213.5180345473044,213.5180345473044,213.5180345473044,213.5180345473044
93,138.66529254043172,138.66529254043172,138.66529254043172,138.66529254043172,138.66529254043172,138.66529254043172,138.66529254043172
94,74.41072570437925,74.41072570437925,74.41072570437925,74.41072570437925,74.41072570437925,74.41072570437925,74.41072570437925
95,6.2914379114841426,6.2914379114841426,6.2914379114841426,6.2914379114841426,6.2914379114841426,6.2914379114841426,6.2914379114841426
96,2.591726172542807,2.591726172542807,2.591726172542807,2.591726172542807,2.591726172542807,2.591726172542807,2.591726172542807
97,2.591726172542807,2.591726172542807,2.591726172542807,2.591726172542807,2.591726172542807,2.591726172542807,2.591726172542807
98,2.591726172542807,2.591726172542807,2.591726172542807,2.591726172542807,2.591726172542807,2.591726172542807,2.591726172542807
99,2.591726172542807,2.591726172542807,2.591726172542807,2.591726172542807,2.591726172542807,2.591726172542807,2.591726172542807
100,2.591726172542807,2.591726172542807,2.591726172542807,2.591726172542807,2.591726172542807,2.591726172542807,2.591726172542807
101,2.591726172542807,2.591726172542807,2.591726172542807,2.591726172542807,2.591726172542807,2.591726172542807,2.591726172542807
102,2.591726172542807,2.591726172542807,2.591726172542807,2.591726172542807,2.591726172542807,2.591726172542807,2.591726172542807
103,2.591726172542807,2.591726172542807,2.591726172542807,2.591726172542807,2.591726172542807,2.591726172542807,2.591726172542807
104,2.591726172542807,2.591726172542807,2.591726172542807,2.591726172542807,2.591726172542807,2.591726172542807,2.591726172542807
105,2.591726172542807,2.591726172542807,2.591726172542807,2.591726172542807,2.591726172542807,2.591726172542807,2.591726172542807
106,2.591726172542807,2.591726172542807,2.591726172542807,2.591726172542807,2.591726172542807,2.591726172542807,2.591726172542807
107,2.591726172542807,2.591726172542807,2.591726172542807,2.591726172542807,2.591726172542807,2.591726172542807,2.591726172542807
108,2.591726172542807,2.591726172542807,2.591726172542807,2.591726172542807,2.591726172542807,2.591726172542807,2.591726172542807
109,2.591726172542807,2.591726172542807,2.591726172542807,2.591726172542807,2.591726172542807,2.591726172542807,2.591726172542807
110,2.591726172542807,2.591726172542807,2.591726172542807,2.591726172542807,2.591726172542807,2.591726172542807,2.591726172542807
111,2.591726172542807,2.591726172542807,2.591726172542807,2.591726172542807,2.591726172542807,2.591726172542807,2.591726172542807
112,2.591726172542807,2.591726172542807,2.591726172542807,2.591726172542807,2.591726172542807,2.591726172542807,2.591726172542807
113,2.591726172542807,2.591726172542807,2.591726172542807,2.591726172542807,2.591726172542807,2.591726172542807,2.591726172542807
114,2.591726172542807,2.591726172542807,2.591726172542807,2.591726172542807,2.591726172542807,2.591726172542807,2.591726172542807
115,2.591726172542807,2.591726172542807,2.591726172542807,2.591726172542807,2.591726172542807,2.591726172542807,2.591726172542807
116,2.591726172542807,2.591726172542807,2.591726172542807,2.591726172542807,2.591726172542807,2.591726172542807,2.591726172542807
117,2.591726172542807,2.591726172542807,2.591726172542807,2.591726172542807,2.591726172542807,2.591726172542807,2.591726172542807
118,2.591726172542807,2.591726172542807,2.591726172542807,2.591726172542807,2.591726172542807,2.591726172542807,2.591726172542807
119,2.591726172542807,2.591726172542807,2.591726172542807,2.591726172542807,2.591726172542807,2.591726172542807,2.591726172542807
120,2.591726172542807,2.591726172542807,2.591726172542807,2.591726172542807,2.591726172542807,2.591726172542807,2.591726172542807
121,2.591726172542807,2.591726172542807,2.591726172542807,2.591726172542807,2.591726172542807,2.591726172542807,2.591726172542807
122,2.591726172542807,2.591726172542807,2.591726172542807,2.591726172542807,2.591726172542807,2.591726172542807,2.591726172542807
123,2.591726172542807,2.591726172542807,2.591726172542807,2.591726172542807,2.591726172542807,2.591726172542807,2.591726172542807
124,2.591726172542807,2.591726172542807,2.591726172542807,2.591726172542807,2.591726172542807,2.591726172542807,2.591726172542807
125,2.591726172542807,2.591726172542807,2.591726172542807,2.591726172542807,2.591726172542807,2.591726172542807,2.591726172542807
126,2.591726172542807,2.591726172542807,2.591726172542807,2.591726172542807,2.591726172542807,2.591726172542807,2.591726172542807
127,2.591726172542807,2.591726172542807,2.591726172542807,2.591726172542807,2.591726172542807,2.591726172542807,2.591726172542807
128,2.591726172542807,2.591726172542807,2.591726172542807,2.591726172542807,2.591726172542807,2.591726172542807,2.591726172542807
129,2.591726172542807,2.591726172542807,2.591726172542807,2.591726172542807,2.591726172542807,2.591726172542807,2.591726172542807
130,2.591726172542807,2.591726172542807,2.591726172542807,2.591726172542807,2.591726172542807,2.591726172542807,2.591726172542807
131,2.591726172542807,2.591726172542807,2.591726172542807,2.591726172542807,2.591726172542807,2.591726172542807,2.591726172542807
132,2.591726172542807,2.591726172542807,2.591726172542807,2.591726172542807,2.591726172542807,2.591726172542807,2.591726172542807
133,2.591726172542807,2.591726172542807,2.591726172542807,2.591726172542807,2.591726172542807,2.591726172542807,2.591726172542807
134,2.591726172542807,2.591726172542807,2.591726172542807,2.591726172542807,2.591726172542807,2.591726172542807,2.591726172542807
135,2.591726172542807,2.591726172542807,2.591726172542807,2.591726172542807,2.591726172542807,2.591726172542807,2.591726172542807
136,2.591726172542807,2.591726172542807,2.591726172542807,2.591726172542807,2.591726172542807,2.591726172542807,2.591726172542807
137,2.591726172542807,2.591726172542807,2.591726172542807,2.591726172542807,2.591726172542807,2.591726172542807,2.591726172542807
138,2.591726172542807,2.591726172542807,2.591726172542807,2.591726172542807,2.591726172542807,2.591726172542807,2.591726172542807
139,2.591726172542807,2.591726172542807,2.591726172542807,2.591726172542807,2.591726172542807,2.591726172542807,2.591726172542807
140,2.591726172542807,2.591726172542807,2.591726172542807,2.591726172542807,2.591726172542807,2.591726172542807,2.591726172542807
141,2.591726172542807,2.591726172542807,2.591726172542807,2.591726172542807,2.591726172542807,2.591726172542807,2.591726172542807
142,2.591726172542807,2.591726172542807,2.591726172542807,2.591726172542807,2.591726172542807,2.591726172542807,2.591726172542807
143,2.591726172542807,2.591726172542807,2.591726172542807,2.591726172542807,2.591726172542807,2.591726172542807,2.591726172542807
144,2.591726172542807,2.591726172542807,2.591726172542807,2.591726172542807,2.591726172542807,2.591726172542807,2.591726172542807
145,2.591726172542807,2.591726172542807,2.591726172542807,2.591726172542807,2.591726172542807,2.591726172542807,2.591726172542807
146,2.591726172542807,2.591726172542807,2.591726172542807,2.591726172542807,2.591726172542807,2.591726172542807,2.591726172542807
147,2.591726172542807,2.591726172542807,2.591726172542807,2.591726172542807,2.591726172542807,2.591726172542807,2.591726172542807
148,2.591726172542807,2.591726172542807,2.591726172542807,2.591726172542807,2.591726172542807,2.591726172542807,2.591726172542807
149,2.591726172542807,2.591726172542807,2.591726172542807,2.591726172542807,2.591726172542807,2.591726172542807,2.591726172542807
150,2.591726172542807,2.591726172542807,2.591726172542807,2.591726172542807,2.591726172542807,2.591726172542807,2.591726172542807
151,2.591726172542807,2.591726172542807,2.591726172542807,2.591726172542807,2.591726172542807,2.591726172542807,2.591726172542807
152,2.591726172542807,2.591726172542807,2.591726172542807,2.591726172542807,2.591726172542807,2.591726172542807,2.591726172542807
153,2.591726172542807,2.591726172542807,2.591726172542807,2.591726172542807,2.591726172542807,2.591726172542807,2.591726172542807
154,2.591726172542807,2.591726172542807,2.591726172542807,2.591726172542807,2.591726172542807,2.591726172542807,2.591726172542807
155,2.591726172542807,2.591726172542807,2.591726172542807,2.591726172542807,2.591726172542807,2.591726172542807,2.591726172542807
156,2.591726172542807,2.591726172542807,2.591726172542807,2.591726172542807,2.591726172542807,2.591726172542807,2.591726172542807
157,2.591726172542807,2.591726172542807,2.591726172542807,2.591726172542807,2.591726172542807,2.591726172542807,2.591726172542807
158,2.591726172542807,2.591726172542807,2.591726172542807,2.591726172542807,2.591726172542807,2.591726172542807,2.591726172542807
159,2.591726172542807,2.591726172542807,2.591726172542807,2.591726172542807,2.591726172542807,2.591726172542807,2.591726172542807
160,2.591726172542807,2.591726172542807,2.591726172542807,2.591726172542807,2.591726172542807,2.591726172542807,2.591726172542807
161,2.591726172542807,2.591726172542807,2.591726172542807,2.591726172542807,2.591726172542807,2.591726172542807,2.591726172542807
162,2.591726172542807,2.591726172542807,2.591726172542807,2.591726172542807,2.591726172542807,2.591726172542807,2.591726172542807
163,2.591726172542807,2.591726172542807,2.591726172542807,2.591726172542807,2.591726172542807,2.591726172542807,2.591726172542807
164,2.591726172542807,2.591726172542807,2.591726172542807,2.591726172542807,2.591726172542807,2.591726172542807,2.591726172542807
165,2.591726172542807,2.591726172542807,2.591726172542807,2.591726172542807,2.591726172542807,2.591726172542807,2.591726172542807
166,2.591726172542807,2.591726172542807,2.591726172542807,2.591726172542807,2.591726172542807,2.591726172542807,2.591726172542807
167,2.591726172542807,2.591726172542807,2.591726172542807,2.591726172542807,2.591726172542807,2.591726172542807,2.591726172542807
168,2.591726172542807,2.591726172542807,2.591726172542807,2.591726172542807,2.591726172542807,2.591726172542807,2.591726172542807
169,2.591726172542807,2.591726172542807,2.591726172542807,2.591726172542807,2.591726172542807,2.591726172542807,2.591726172542807
170,2.591726172542807,2.591726172542807,2.591726172542807,2.591726172542807,2.591726172542807,2.591726172542807,2.591726172542807
171,2.591726172542807,2.591726172542807,2.591726172542807,2.591726172542807,2.591726172542807,2.591726172542807,2.591726172542807
172,2.591726172542807,2.591726172542807,2.591726172542807,2.591726172542807,2.591726172542807,2.591726172542807,2.591726172542807
173,2.591726172542807,2.591726172542807,2.591726172542807,2.591726172542807,2.591726172542807,2.591726172542807,2.591726172542807
174,2.591726172542807,2.591726172542807,2.591726172542807,2.591726172542807,2.591726172542807,2.591726172542807,2.591726172542807
175,2.591726172542807,2.591726172542807,2.591726172542807,2.591726172542807,2.591726172542807,2.591726172542807,2.591726172542807
176,2.591726172542807,2.591726172542807,2.591726172542807,2.591726172542807,2.591726172542807,2.591726172542807,2.591726172542807
177,2.591726172542807,2.591726172542807,2.591726172542807,2.591726172542807,2.591726172542807,2.591726172542807,2.591726172542807
178,2.591726172542807,2.591726172542807,2.591726172542807,2.591726172542807,2.591726172542807,2.591726172542807,2.591726172542807
179,2.591726172542807,2.591726172542807,2.591726172542807,2.591726172542807,2.591726172542807,2.591726172542807,2.591726172542807
180,2.591726172542807,2.591726172542807,2.591726172542807,2.591726172542807,2.591726172542807,2.591726172542807,2.591726172542807
181,2.591726172542807,2.591726172542807,2.591726172542807,2.591726172542807,2.591726172542807,2.591726172542807,2.591726172542807
182,2.591726172542807,2.591726172542807,2.591726172542807,2.591726172542807,2.591726172542807,2.591726172542807,2.591726172542807
183,2.591726172542807,2.591726172542807,2.591726172542807,2.591726172542807,2.591726172542807,2.591726172542807,2.591726172542807
184,2.591726172542807,2.591726172542807,2.591726172542807,2.591726172542807,2.591726172542807,2.591726172542807,2.591726172542807
185,2.591726172542807,2.591726172542807,2.591726172542807,2.591726172542807,2.591726172542807,2.591726172542807,2.591726172542807
186,2.591726172542807,2.591726172542807,2.591726172542807,2.591726172542807,2.591726172542807,2.591726172542807,2.591726172542807
187,2.591726172542807,2.591726172542807,2.591726172542807,2.591726172542807,2.591726172542807,2.591726172542807,2.591726172542807
188,2.591726172542807,2.591726172542807,2.591726172542807,2.591726172542807,2.591726172542807,2.591726172542807,2.591726172542807
189,2.591726172542807,2.591726172542807,2.591726172542807,2.591726172542807,2.591726172542807,2.591726172542807,2.591726172542807
190,2.591726172542807,2.591726172542807,2.591726172542807,2.591726172542807,2.591726172542807,2.591726172542807,2.591726172542807
191,2.591726172542807,2.591726172542807,2.591726172542807,2.591726172542807,2.591726172542807,2.591726172542807,2.591726172542807
192,2.591726172542807,2.591726172542807,2.591726172542807,2.591726172542807,2.591726172542807,2.591726172542807,2.591726172542807
193,2.591726172542807,2.591726172542807,2.591726172542807,2.591726172542807,2.591726172542807,2.591726172542807,2.591726172542807
194,2.591726172542807,2.591726172542807,2.591726172542807,2.591726172542807,2.591726172542807,2.591726172542807,2.591726172542807
195,2.591726172542807,2.591726172542807,2.591726172542807,2.591726172542807,2.591726172542807,2.591726172542807,2.591726172542807
196,2.591726172542807,2.591726172542807,2.591726172542807,2.591726172542807,2.591726172542807,2.591726172542807,2.591726172542807
197,2.591726172542807,2.591726172542807,2.591726172542807,2.591726172542807,2.591726172542807,2.591726172542807,2.591726172542807
198,2.591726172542807,2.591726172542807,2.591726172542807,2.591726172542807,2.591726172542807,2.591726172542807,2.591726172542807
199,2.591726172542807,2.591726172542807,2.591726172542807,2.591726172542807,2.591726172542807,2.591726172542807,2.591726172542807
200,2.591726172542807,2.591726172542807,2.591726172542807,2.591726172542807,2.591726172542807,2.591726172542807,2.591726172542807
201,2.591726172542807,2.591726172542807,2.591726172542807,2.591726172542807,2.591726172542807,2.591726172542807,2.591726172542807
202,2.591726172542807,2.591726172542807,2.591726172542807,2.591726172542807,2.591726172542807,2.591726172542807,2.591726172542807
203,2.591726172542807,2.591726172542807,2.591726172542807,2.591726172542807,2.591726172542807,2.591726172542807,2.591726172542807
204,2.591726172542807,2.591726172542807,2.591726172542807,2.591726172542807,2.591726172542807,2.591726172542807,2.591726172542807
205,2.591726172542807,2.591726172542807,2.591726172542807,2.591726172542807,2.591726172542807,2.591726172542807,2.591726172542807
206,2.591726172542807,2.591726172542807,2.591726172542807,2.591726172542807,2.591726172542807,2.591726172542807,2.591726172542807
207,2.591726172542807,2.591726172542807,2.591726172542807,2.591726172542807,2.591726172542807,2.591726172542807,2.591726172542807
208,2.591726172542807,2.591726172542807,2.591726172542807,2.591726172542807,2.591726172542807,2.591726172542807,2.591726172542807
209,2.591726172542807,2.591726172542807,2.591726172542807,2.591726172542807,2.591726172542807,2.591726172542807,2.591726172542807
210,2.591726172542807,2.591726172542807,2.591726172542807,2.591726172542807,2.591726172542807,2.591726172542807,2.591726172542807
211,2.591726172542807,2.591726172542807,2.591726172542807,2.591726172542807,2.591726172542807,2.591726172542807,2.591726172542807
212,2.591726172542807,2.591726172542807,2.591726172542807,2.591726172542807,2.591726172542807,2.591726172542807,2.591726172542807
213,2.591726172542807,2.591726172542807,2.591726172542807,2.591726172542807,2.591726172542807,2.591726172542807,2.591726172542807
214,2.591726172542807,2.591726172542807,2.591726172542807,2.591726172542807,2.591726172542807,2.591726172542807,2.591726172542807
215,2.591726172542807,2.591726172542807,2.591726172542807,2.591726172542807,2.591726172542807,2.591726172542807,2.591726172542807
216,2.591726172542807,2.591726172542807,2.591726172542807,2.591726172542807,2.591726172542807,2.591726172542807,2.591726172542807
217,2.591726172542807,2.591726172542807,2.591726172542807,2.591726172542807,2.591726172542807,2.591726172542807,2.591726172542807
218,2.591726172542807,2.591726172542807,2.591726172542807,2.591726172542807,2.591726172542807,2.591726172542807,2.591726172542807
219,2.591726172542807,2.591726172542807,2.591726172542807,2.591726172542807,2.591726172542807,2.591726172542807,2.591726172542807
220,2.591726172542807,2.591726172542807,2.591726172542807,2.591726172542807,2.591726172542807,2.591726172542807,2.591726172542807
221,2.591726172542807,2.591726172542807,2.591726172542807,2.591726172542807,2.591726172542807,2.591726172542807,2.591726172542807
222,2.591726172542807,2.591726172542807,2.591726172542807,2.591726172542807,2.591726172542807,2.591726172542807,2.591726172542807
223,2.591726172542807,2.591726172542807,2.591726172542807,2.591726172542807,2.591726172542807,2.591726172542807,2.591726172542807
224,2.591726172542807,2.591726172542807,2.591726172542807,2.591726172542807,2.591726172542807,2.591726172542807,2.591726172542807
225,2.591726172542807,2.591726172542807,2.591726172542807,2.591726172542807,2.591726172542807,2.591726172542807,2.591726172542807
226,2.591726172542807,2.591726172542807,2.591726172542807,2.591726172542807,2.591726172542807,2.591726172542807,2.591726172542807
227,2.591726172542807,2.591726172542807,2.591726172542807,2.591726172542807,2.591726172542807,2.591726172542807,2.591726172542807
228,2.591726172542807,2.591726172542807,2.591726172542807,2.591726172542807,2.591726172542807,2.591726172542807,2.591726172542807
229,2.591726172542807,2.591726172542807,2.591726172542807,2.591726172542807,2.591726172542807,2.591726172542807,2.591726172542807
230,2.591726172542807,2.591726172542807,2.591726172542807,2.591726172542807,2.591726172542807,2.591726172542807,2.591726172542807
231,2.591726172542807,2.591726172542807,2.591726172542807,2.591726172542807,2.591726172542807,2.591726172542807,2.591726172542807
232,2.591726172542807,2.591726172542807,2.591726172542807,2.591726172542807,2.591726172542807,2.591726172542807,2.591726172542807
233,2.591726172542807,2.591726172542807,2.591726172542807,2.591726172542807,2.591726172542807,2.591726172542807,2.591726172542807
234,2.591726172542807,2.591726172542807,2.591726172542807,2.591726172542807,2.591726172542807,2.591726172542807,2.591726172542807
235,2.591726172542807,2.591726172542807,2.591726172542807,2.591726172542807,2.591726172542807,2.591726172542807,2.591726172542807
236,2.591726172542807,2.591726172542807,2.591726172542807,2.591726172542807,2.591726172542807,2.591726172542807,2.591726172542807
237,2.591726172542807,2.591726172542807,2.591726172542807,2.591726172542807,2.591726172542807,2.591726172542807,2.591726172542807
238,2.591726172542807,2.591726172542807,2.591726172542807,2.591726172542807,2.591726172542807,2.591726172542807,2.591726172542807
239,2.591726172542807,2.591726172542807,2.591726172542807,2.591726172542807,2.591726172542807,2.591726172542807,2.591726172542807
240,2.591726172542807,2.591726172542807,2.591726172542807,2.591726172542807,2.591726172542807,2.591726172542807,2.591726172542807
241,2.591726172542807,2.591726172542807,2.591726172542807,2.591726172542807,2.591726172542807,2.591726172542807,2.591726172542807
242,8.639087241809358,8.639087241809358,8.639087241809358,8.639087241809358,8.639087241809358,8.639087241809358,8.639087241809358
243,8.639087241809358,8.639087241809358,8.639087241809358,8.639087241809358,8.639087241809358,8.639087241809358,8.639087241809358
244,8.639087241809358,8.639087241809358,8.639087241809358,8.639087241809358,8.639087241809358,8.639087241809358,8.639087241809358
245,8.639087241809358,8.639087241809358,8.639087241809358,8.639087241809358,8.639087241809358,8.639087241809358,8.639087241809358
246,8.639087241809358,8.639087241809358,8.639087241809358,8.639087241809358,8.639087241809358,8.639087241809358,8.639087241809358
247,8.639087241809358,8.639087241809358,8.639087241809358,8.639087241809358,8.639087241809358,8.639087241809358,8.639087241809358
248,8.639087241809358,8.639087241809358,8.639087241809358,8.639087241809358,8.639087241809358,8.639087241809358,8.639087241809358
249,8.639087241809358,8.639087241809358,8.639087241809358,8.639087241809358,8.639087241809358,8.639087241809358,8.639087241809358
250,8.639087241809358,8.639087241809358,8.639087241809358,8.639087241809358,8.639087241809358,8.639087241809358,8.639087241809358
251,8.639087241809358,8.639087241809358,8.639087241809358,8.639087241809358,8.639087241809358,8.639087241809358,8.639087241809358
252,8.639087241809358,8.639087241809358,8.639087241809358,8.639087241809358,8.639087241809358,8.639087241809358,8.639087241809358
253,8.639087241809358,8.639087241809358,8.639087241809358,8.639087241809358,8.639087241809358,8.639087241809358,8.639087241809358
254,8.639087241809358,8.639087241809358,8.639087241809358,8.639087241809358,8.639087241809358,8.639087241809358,8.639087241809358
255,8.639087241809358,8.639087241809358,8.639087241809358,8.639087241809358,8.639087241809358,8.639087241809358,8.639087241809358
256,8.639087241809358,8.639087241809358,8.639087241809358,8.639087241809358,8.639087241809358,8.639087241809358,8.639087241809358
257,8.639087241809358,8.639087241809358,8.639087241809358,8.639087241809358,8.639087241809358,8.639087241809358,8.639087241809358
258,8.639087241809358,8.639087241809358,8.639087241809358,8.639087241809358,8.639087241809358,8.639087241809358,8.639087241809358
259,8.639087241809358,8.639087241809358,8.639087241809358,8.639087241809358,8.639087241809358,8.639087241809358,8.639087241809358
260,8.639087241809358,8.639087241809358,8.639087241809358,8.639087241809358,8.639087241809358,8.639087241809358,8.639087241809358
261,8.639087241809358,8.639087241809358,8.639087241809358,8.639087241809358,8.639087241809358,8.639087241809358,8.639087241809358
262,8.639087241809358,8.639087241809358,8.639087241809358,8.639087241809358,8.639087241809358,8.639087241809358,8.639087241809358
263,8.639087241809358,8.639087241809358,8.639087241809358,8.639087241809358,8.639087241809358,8.639087241809358,8.639087241809358
264,8.639087241809358,8.639087241809358,8.639087241809358,8.639087241809358,8.639087241809358,8.639087241809358,8.639087241809358
265,8.639087241809358,8.639087241809358,8.639087241809358,8.639087241809358,8.639087241809358,8.639087241809358,8.639087241809358
266,8.639087241809358,8.639087241809358,8.639087241809358,8.639087241809358,8.639087241809358,8.639087241809358,8.639087241809358
267,8.639087241809358,8.639087241809358,8.639087241809358,8.639087241809358,8.639087241809358,8.639087241809358,8.639087241809358
268,8.639087241809358,8.639087241809358,8.639087241809358,8.639087241809358,8.639087241809358,8.639087241809358,8.639087241809358
269,8.639087241809358,8.639087241809358,8.639087241809358,8.639087241809358,8.639087241809358,8.639087241809358,8.639087241809358
270,8.639087241809358,8.639087241809358,8.639087241809358,8.639087241809358,8.639087241809358,8.639087241809358,8.639087241809358
271,8.639087241809358,8.639087241809358,8.639087241809358,8.639087241809358,8.639087241809358,8.639087241809358,8.639087241809358
272,8.639087241809358,8.639087241809358,8.639087241809358,8.639087241809358,8.639087241809358,8.639087241809358,8.639087241809358
273,8.639087241809358,8.639087241809358,8.639087241809358,8.639087241809358,8.639087241809358,8.639087241809358,8.639087241809358
274,8.639087241809358,8.639087241809358,8.639087241809358,8.639087241809358,8.639087241809358,8.639087241809358,8.639087241809358
275,8.639087241809358,8.639087241809358,8.639087241809358,8.639087241809358,8.639087241809358,8.639087241809358,8.639087241809358
276,8.639087241809358,8.639087241809358,8.639087241809358,8.639087241809358,8.639087241809358,8.639087241809358,8.639087241809358
277,8.639087241809358,8.639087241809358,8.639087241809358,8.639087241809358,8.639087241809358,8.639087241809358,8.639087241809358
278,8.639087241809358,8.639087241809358,8.639087241809358,8.639087241809358,8.639087241809358,8.639087241809358,8.639087241809358
279,8.639087241809358,8.639087241809358,8.639087241809358,8.639087241809358,8.639087241809358,8.639087241809358,8.639087241809358
280,8.639087241809358,8.639087241809358,8.639087241809358,8.639087241809358,8.639087241809358,8.639087241809358,8.639087241809358
281,8.639087241809358,8.639087241809358,8.639087241809358,8.639087241809358,8.639087241809358,8.639087241809358,8.639087241809358
282,8.639087241809358,8.639087241809358,8.639087241809358,8.639087241809358,8.639087241809358,8.639087241809358,8.639087241809358
283,8.639087241809358,8.639087241809358,8.639087241809358,8.639087241809358,8.639087241809358,8.639087241809358,8.639087241809358
284,8.639087241809358,8.639087241809358,8.639087241809358,8.639087241809358,8.639087241809358,8.639087241809358,8.639087241809358
285,8.639087241809358,8.639087241809358,8.639087241809358,8.639087241809358,8.639087241809358,8.639087241809358,8.639087241809358
286,8.639087241809358,8.639087241809358,8.639087241809358,8.639087241809358,8.639087241809358,8.639087241809358,8.639087241809358
287,8.639087241809358,8.639087241809358,8.639087241809358,8.639087241809358,8.639087241809358,8.639087241809358,8.639087241809358
288,8.639087241809358,8.639087241809358,8.639087241809358,8.639087241809358,8.639087241809358,8.639087241809358,8.639087241809358
289,8.639087241809358,8.639087241809358,8.639087241809358,8.639087241809358,8.639087241809358,8.639087241809358,8.639087241809358
290,8.639087241809358,8.639087241809358,8.639087241809358,8.639087241809358,8.639087241809358,8.639087241809358,8.639087241809358
291,8.639087241809358,8.639087241809358,8.639087241809358,8.639087241809358,8.639087241809358,8.639087241809358,8.639087241809358
292,8.639087241809358,8.639087241809358,8.639087241809358,8.639087241809358,8.639087241809358,8.639087241809358,8.639087241809358
293,8.639087241809358,8.639087241809358,8.639087241809358,8.639087241809358,8.639087241809358,8.639087241809358,8.639087241809358
294,8.639087241809358,8.639087241809358,8.639087241809358,8.639087241809358,8.639087241809358,8.639087241809358,8.639087241809358
295,8.639087241809358,8.639087241809358,8.639087241809358,8.639087241809358,8.639087241809358,8.639087241809358,8.639087241809358
296,8.639087241809358,8.639087241809358,8.639087241809358,8.639087241809358,8.639087241809358,8.639087241809358,8.639087241809358
297,8.639087241809358,8.639087241809358,8.639087241809358,8.639087241809358,8.639087241809358,8.639087241809358,8.639087241809358
298,8.639087241809358,8.639087241809358,8.639087241809358,8.639087241809358,8.639087241809358,8.639087241809358,8.639087241809358
299,8.639087241809358,8.639087241809358,8.639087241809358,8.639087241809358,8.639087241809358,8.639087241809358,8.639087241809358
300,8.639087241809358,8.639087241809358,8.639087241809358,8.639087241809358,8.639087241809358,8.639087241809358,8.639087241809358
301,8.639087241809358,8.639087241809358,8.639087241809358,8.639087241809358,8.639087241809358,8.639087241809358,8.639087241809358
302,8.639087241809358,8.639087241809358,8.639087241809358,8.639087241809358,8.639087241809358,8.639087241809358,8.639087241809358
303,8.639087241809358,8.639087241809358,8.639087241809358,8.639087241809358,8.639087241809358,8.639087241809358,8.639087241809358
304,8.639087241809358,8.639087241809358,8.639087241809358,8.639087241809358,8.639087241809358,8.639087241809358,8.639087241809358
305,8.639087241809358,8.639087241809358,8.639087241809358,8.639087241809358,8.639087241809358,8.639087241809358,8.639087241809358
306,8.639087241809358,8.639087241809358,8.639087241809358,8.639087241809358,8.639087241809358,8.639087241809358,8.639087241809358
307,8.639087241809358,8.639087241809358,8.639087241809358,8.639087241809358,8.639087241809358,8.639087241809358,8.639087241809358
308,8.639087241809358,8.639087241809358,8.639087241809358,8.639087241809358,8.639087241809358,8.639087241809358,8.639087241809358
309,8.639087241809358,8.639087241809358,8.639087241809358,8.639087241809358,8.639087241809358,8.639087241809358,8.639087241809358
310,8.639087241809358,8.639087241809358,8.639087241809358,8.639087241809358,8.639087241809358,8.639087241809358,8.639087241809358
311,8.639087241809358,8.639087241809358,8.639087241809358,8.639087241809358,8.639087241809358,8.639087241809358,8.639087241809358
312,8.639087241809358,8.639087241809358,8.639087241809358,8.639087241809358,8.639087241809358,8.639087241809358,8.639087241809358
313,8.639087241809358,8.639087241809358,8.639087241809358,8.639087241809358,8.639087241809358,8.639087241809358,8.639087241809358
314,8.639087241809358,8.639087241809358,8.639087241809358,8.639087241809358,8.639087241809358,8.639087241809358,8.639087241809358
315,8.639087241809358,8.639087241809358,8.639087241809358,8.639087241809358,8.639087241809358,8.639087241809358,8.639087241809358
316,8.639087241809358,8.639087241809358,8.639087241809358,8.639087241809358,8.639087241809358,8.639087241809358,8.639087241809358
317,8.639087241809358,8.639087241809358,8.639087241809358,8.639087241809358,8.639087241809358,8.639087241809358,8.639087241809358
318,8.639087241809358,8.639087241809358,8.639087241809358,8.639087241809358,8.639087241809358,8.639087241809358,8.639087241809358
319,8.639087241809358,8.639087241809358,8.639087241809358,8.639087241809358,8.639087241809358,8.639087241809358,8.639087241809358
320,8.639087241809358,8.639087241809358,8.639087241809358,8.639087241809358,8.639087241809358,8.639087241809358,8.639087241809358
321,8.639087241809358,8.639087241809358,8.639087241809358,8.639087241809358,8.639087241809358,8.639087241809358,8.639087241809358
322,8.639087241809358,8.639087241809358,8.639087241809358,8.639087241809358,8.639087241809358,8.639087241809358,8.639087241809358
323,8.639087241809358,8.639087241809358,8.639087241809358,8.639087241809358,8.639087241809358,8.639087241809358,8.639087241809358
324,8.639087241809358,8.639087241809358,8.639087241809358,8.639087241809358,8.639087241809358,8.639087241809358,8.639087241809358
325,8.639087241809358,8.639087241809358,8.639087241809358,8.639087241809358,8.639087241809358,8.639087241809358,8.639087241809358
326,8.639087241809358,8.639087241809358,8.639087241809358,8.639087241809358,8.639087241809358,8.639087241809358,8.639087241809358
327,8.639087241809358,8.639087241809358,8.639087241809358,8.639087241809358,8.639087241809358,8.639087241809358,8.639087241809358
328,8.639087241809358,8.639087241809358,8.639087241809358,8.639087241809358,8.639087241809358,8.639087241809358,8.639087241809358
329,8.639087241809358,8.639087241809358,8.639087241809358,8.639087241809358,8.639087241809358,8.639087241809358,8.639087241809358
330,8.639087241809358,8.639087241809358,8.639087241809358,8.639087241809358,8.639087241809358,8.639087241809358,8.639087241809358
331,8.639087241809358,8.639087241809358,8.639087241809358,8.639087241809358,8.639087241809358,8.639087241809358,8.639087241809358
332,8.639087241809358,8.639087241809358,8.639087241809358,8.639087241809358,8.639087241809358,8.639087241809358,8.639087241809358
333,8.639087241809358,8.639087241809358,8.639087241809358,8.639087241809358,8.639087241809358,8.639087241809358,8.639087241809358
334,8.639087241809358,8.639087241809358,8.639087241809358,8.639087241809358,8.639087241809358,8.639087241809358,8.639087241809358
335,8.639087241809358,8.639087241809358,8.639087241809358,8.639087241809358,8.639087241809358,8.639087241809358,8.639087241809358
336,8.639087241809358,8.639087241809358,8.639087241809358,8.639087241809358,8.639087241809358,8.639087241809358,8.639087241809358
337,8.639087241809358,8.639087241809358,8.639087241809358,8.639087241809358,8.639087241809358,8.639087241809358,8.639087241809358
338,8.639087241809358,8.639087241809358,8.639087241809358,8.639087241809358,8.639087241809358,8.639087241809358,8.639087241809358
339,8.639087241809358,8.639087241809358,8.639087241809358,8.639087241809358,8.639087241809358,8.639087241809358,8.639087241809358
340,8.639087241809358,8.639087241809358,8.639087241809358,8.639087241809358,8.639087241809358,8.639087241809358,8.639087241809358
341,8.639087241809358,8.639087241809358,8.639087241809358,8.639087241809358,8.639087241809358,8.639087241809358,8.639087241809358
342,8.639087241809358,8.639087241809358,8.639087241809358,8.639087241809358,8.639087241809358,8.639087241809358,8.639087241809358
343,8.639087241809358,8.639087241809358,8.639087241809358,8.639087241809358,8.639087241809358,8.639087241809358,8.639087241809358
344,8.639087241809358,8.639087241809358,8.639087241809358,8.639087241809358,8.639087241809358,8.639087241809358,8.639087241809358
345,8.639087241809358,8.639087241809358,8.639087241809358,8.639087241809358,8.639087241809358,8.639087241809358,8.639087241809358
346,8.639087241809358,8.639087241809358,8.639087241809358,8.639087241809358,8.639087241809358,8.639087241809358,8.639087241809358
347,8.639087241809358,8.639087241809358,8.639087241809358,8.639087241809358,8.639087241809358,8.639087241809358,8.639087241809358
348,8.639087241809358,8.639087241809358,8.639087241809358,8.639087241809358,8.639087241809358,8.639087241809358,8.639087241809358
349,8.639087241809358,8.639087241809358,8.639087241809358,8.639087241809358,8.639087241809358,8.639087241809358,8.639087241809358
350,8.639087241809358,8.639087241809358,8.639087241809358,8.639087241809358,8.639087241809358,8.639087241809358,8.639087241809358
351,8.639087241809358,8.639087241809358,8.639087241809358,8.639087241809358,8.639087241809358,8.639087241809358,8.639087241809358
352,8.639087241809358,8.639087241809358,8.639087241809358,8.639087241809358,8.639087241809358,8.639087241809358,8.639087241809358
353,8.639087241809358,8.639087241809358,8.639087241809358,8.639087241809358,8.639087241809358,8.639087241809358,8.639087241809358
354,8.639087241809358,8.639087241809358,8.639087241809358,8.639087241809358,8.639087241809358,8.639087241809358,8.639087241809358
355,8.639087241809358,8.639087241809358,8.639087241809358,8.639087241809358,8.639087241809358,8.639087241809358,8.639087241809358
356,8.639087241809358,8.639087241809358,8.639087241809358,8.639087241809358,8.639087241809358,8.639087241809358,8.639087241809358
357,8.639087241809358,8.639087241809358,8.639087241809358,8.639087241809358,8.639087241809358,8.639087241809358,8.639087241809358
358,8.639087241809358,8.639087241809358,8.639087241809358,8.639087241809358,8.639087241809358,8.639087241809358,8.639087241809358
359,8.639087241809358,8.639087241809358,8.639087241809358,8.639087241809358,8.639087241809358,8.639087241809358,8.639087241809358
360,8.639087241809358,8.639087241809358,8.639087241809358,8.639087241809358,8.639087241809358,8.639087241809358,8.639087241809358
361,8.639087241809358,8.639087241809358,8.639087241809358,8.639087241809358,8.639087241809358,8.639087241809358,8.639087241809358
362,8.639087241809358,8.639087241809358,8.639087241809358,8.639087241809358,8.639087241809358,8.639087241809358,8.639087241809358
363,8.639087241809358,8.639087241809358,8.639087241809358,8.639087241809358,8.639087241809358,8.639087241809358,8.639087241809358
364,2.591726172542807,2.591726172542807,2.591726172542807,2.591726172542807,2.591726172542807,2.591726172542807,2.591726172542807
365,2.591726172542807,2.591726172542807,2.591726172542807,2.591726172542807,2.591726172542807,2.591726172542807,2.591726172542807
366,2.591726172542807,2.591726172542807,2.591726172542807,2.591726172542807,2.591726172542807,2.591726172542807,2.591726172542807
367,2.591726172542807,2.591726172542807,2.591726172542807,2.591726172542807,2.591726172542807,2.591726172542807,2.591726172542807
368,2.591726172542807,2.591726172542807,2.591726172542807,2.591726172542807,2.591726172542807,2.591726172542807,2.591726172542807
369,2.591726172542807,2.591726172542807,2.591726172542807,2.591726172542807,2.591726172542807,2.591726172542807,2.591726172542807
370,2.591726172542807,2.591726172542807,2.591726172542807,2.591726172542807,2.591726172542807,2.591726172542807,2.591726172542807
371,2.591726172542807,2.591726172542807,2.591726172542807,2.591726172542807,2.591726172542807,2.591726172542807,2.591726172542807
372,2.591726172542807,2.591726172542807,2.591726172542807,2.591726172542807,2.591726172542807,2.591726172542807,2.591726172542807
373,2.591726172542807,2.591726172542807,2.591726172542807,2.591726172542807,2.591726172542807,2.591726172542807,2.591726172542807
374,2.591726172542807,2.591726172542807,2.591726172542807,2.591726172542807,2.591726172542807,2.591726172542807,2.591726172542807
375,2.591726172542807,2.591726172542807,2.591726172542807,2.591726172542807,2.591726172542807,2.591726172542807,2.591726172542807
376,2.591726172542807,2.591726172542807,2.591726172542807,2.591726172542807,2.591726172542807,2.591726172542807,2.591726172542807
377,2.591726172542807,2.591726172542807,2.591726172542807,2.591726172542807,2.591726172542807,2.591726172542807,2.591726172542807
378,2.591726172542807,2.591726172542807,2.591726172542807,2.591726172542807,2.591726172542807,2.591726172542807,2.591726172542807
379,2.591726172542807,2.591726172542807,2.591726172542807,2.591726172542807,2.591726172542807,2.591726172542807,2.591726172542807
380,2.591726172542807,2.591726172542807,2.591726172542807,2.591726172542807,2.591726172542807,2.591726172542807,2.591726172542807
381,2.591726172542807,2.591726172542807,2.591726172542807,2.591726172542807,2.591726172542807,2.591726172542807,2.591726172542807
382,2.591726172542807,2.591726172542807,2.591726172542807,2.591726172542807,2.591726172542807,2.591726172542807,2.591726172542807
383,2.591726172542807,2.591726172542807,2.591726172542807,2.591726172542807,2.591726172542807,2.591726172542807,2.591726172542807
384,2.591726172542807,2.591726172542807,2.591726172542807,2.591726172542807,2.591726172542807,2.591726172542807,2.591726172542807
385,2.591726172542807,2.591726172542807,2.591726172542807,2.591726172542807,2.591726172542807,2.591726172542807,2.591726172542807
386,2.591726172542807,2.591726172542807,2.591726172542807,2.591726172542807,2.591726172542807,2.591726172542807,2.591726172542807
387,2.591726172542807,2.591726172542807,2.591726172542807,2.591726172542807,2.591726172542807,2.591726172542807,2.591726172542807
388,2.591726172542807,2.591726172542807,2.591726172542807,2.591726172542807,2.591726172542807,2.591726172542807,2.591726172542807
389,2.591726172542807,2.591726172542807,2.591726172542807,2.591726172542807,2.591726172542807,2.591726172542807,2.591726172542807
390,2.591726172542807,2.591726172542807,2.591726172542807,2.591726172542807,2.591726172542807,2.591726172542807,2.591726172542807
391,2.591726172542807,2.591726172542807,2.591726172542807,2.591726172542807,2.591726172542807,2.591726172542807,2.591726172542807
392,2.591726172542807,2.591726172542807,2.591726172542807,2.591726172542807,2.591726172542807,2.591726172542807,2.591726172542807
393,2.591726172542807,2.591726172542807,2.591726172542807,2.591726172542807,2.591726172542807,2.591726172542807,2.591726172542807
394,2.591726172542807,2.591726172542807,2.591726172542807,2.591726172542807,2.591726172542807,2.591726172542807,2.591726172542807
395,2.591726172542807,2.591726172542807,2.591726172542807,2.591726172542807,2.591726172542807,2.591726172542807,2.591726172542807
396,2.591726172542807,2.591726172542807,2.591726172542807,2.591726172542807,2.591726172542807,2.591726172542807,2.591726172542807
397,2.591726172542807,2.591726172542807,2.591726172542807,2.591726172542807,2.591726172542807,2.591726172542807,2.591726172542807
398,2.591726172542807,2.591726172542807,2.591726172542807,2.591726172542807,2.591726172542807,2.591726172542807,2.591726172542807
399,2.591726172542807,2.591726172542807,2.591726172542807,2.591726172542807,2.591726172542807,2.591726172542807,2.591726172542807
400,2.591726172542807,2.591726172542807,2.591726172542807,2.591726172542807,2.591726172542807,2.591726172542807,2.591726172542807
401,2.591726172542807,2.591726172542807,2.591726172542807,2.591726172542807,2.591726172542807,2.591726172542807,2.591726172542807
402,2.591726172542807,2.591726172542807,2.591726172542807,2.591726172542807,2.591726172542807,2.591726172542807,2.591726172542807
403,2.591726172542807,2.591726172542807,2.591726172542807,2.591726172542807,2.591726172542807,2.591726172542807,2.591726172542807
404,2.591726172542807,2.591726172542807,2.591726172542807,2.591726172542807,2.591726172542807,2.591726172542807,2.591726172542807
405,2.591726172542807,2.591726172542807,2.591726172542807,2.591726172542807,2.591726172542807,2.591726172542807,2.591726172542807
406,2.591726172542807,2.591726172542807,2.591726172542807,2.591726172542807,2.591726172542807,2.591726172542807,2.591726172542807
407,2.591726172542807,2.591726172542807,2.591726172542807,2.591726172542807,2.591726172542807,2.591726172542807,2.591726172542807
408,2.591726172542807,2.591726172542807,2.591726172542807,2.591726172542807,2.591726172542807,2.591726172542807,2.591726172542807
409,2.591726172542807,2.591726172542807,2.591726172542807,2.591726172542807,2.591726172542807,2.591726172542807,2.591726172542807
410,2.591726172542807,2.591726172542807,2.591726172542807,2.591726172542807,2.591726172542807,2.591726172542807,2.591726172542807
411,2.591726172542807,2.591726172542807,2.591726172542807,2.591726172542807,2.591726172542807,2.591726172542807,2.591726172542807
412,2.591726172542807,2.591726172542807,2.591726172542807,2.591726172542807,2.591726172542807,2.591726172542807,2.591726172542807
413,2.591726172542807,2.591726172542807,2.591726172542807,2.591726172542807,2.591726172542807,2.591726172542807,2.591726172542807
414,2.591726172542807,2.591726172542807,2.591726172542807,2.591726172542807,2.591726172542807,2.591726172542807,2.591726172542807
415,2.591726172542807,2.591726172542807,2.591726172542807,2.591726172542807,2.591726172542807,2.591726172542807,2.591726172542807
416,2.591726172542807,2.591726172542807,2.591726172542807,2.591726172542807,2.591726172542807,2.591726172542807,2.591726172542807
417,2.591726172542807,2.591726172542807,2.591726172542807,2.591726172542807,2.591726172542807,2.591726172542807,2.591726172542807
418,2.591726172542807,2.591726172542807,2.591726172542807,2.591726172542807,2.591726172542807,2.591726172542807,2.591726172542807
419,2.591726172542807,2.591726172542807,2.591726172542807,2.591726172542807,2.591726172542807,2.591726172542807,2.591726172542807
420,2.591726172542807,2.591726172542807,2.591726172542807,2.591726172542807,2.591726172542807,2.591726172542807,2.591726172542807
421,2.591726172542807,2.591726172542807,2.591726172542807,2.591726172542807,2.591726172542807,2.591726172542807,2.591726172542807
422,2.591726172542807,2.591726172542807,2.591726172542807,2.591726172542807,2.591726172542807,2.591726172542807,2.591726172542807
423,2.591726172542807,2.591726172542807,2.591726172542807,2.591726172542807,2.591726172542807,2.591726172542807,2.591726172542807
424,2.591726172542807,2.591726172542807,2.591726172542807,2.591726172542807,2.591726172542807,2.591726172542807,2.591726172542807
425,2.591726172542807,2.591726172542807,2.591726172542807,2.591726172542807,2.591726172542807,2.591726172542807,2.591726172542807
426,2.591726172542807,2.591726172542807,2.591726172542807,2.591726172542807,2.591726172542807,2.591726172542807,2.591726172542807
427,2.591726172542807,2.591726172542807,2.591726172542807,2.591726172542807,2.591726172542807,2.591726172542807,2.591726172542807
428,2.591726172542807,2.591726172542807,2.591726172542807,2.591726172542807,2.591726172542807,2.591726172542807,2.591726172542807
429,2.591726172542807,2.591726172542807,2.591726172542807,2.591726172542807,2.591726172542807,2.591726172542807,2.591726172542807
430,2.591726172542807,2.591726172542807,2.591726172542807,2.591726172542807,2.591726172542807,2.591726172542807,2.591726172542807
431,2.591726172542807,2.591726172542807,2.591726172542807,2.591726172542807,2.591726172542807,2.591726172542807,2.591726172542807
432,2.591726172542807,2.591726172542807,2.591726172542807,2.591726172542807,2.591726172542807,2.591726172542807,2.591726172542807
433,2.591726172542807,2.591726172542807,2.591726172542807,2.591726172542807,2.591726172542807,2.591726172542807,2.591726172542807
434,2.591726172542807,2.591726172542807,2.591726172542807,2.591726172542807,2.591726172542807,2.591726172542807,2.591726172542807
435,2.591726172542807,2.591726172542807,2.591726172542807,2.591726172542807,2.591726172542807,2.591726172542807,2.591726172542807
436,2.591726172542807,2.591726172542807,2.591726172542807,2.591726172542807,2.591726172542807,2.591726172542807,2.591726172542807
437,2.591726172542807,2.591726172542807,2.591726172542807,2.591726172542807,2.591726172542807,2.591726172542807,2.591726172542807
438,2.591726172542807,2.591726172542807,2.591726172542807,2.591726172542807,2.591726172542807,2.591726172542807,2.591726172542807
439,2.591726172542807,2.591726172542807,2.591726172542807,2.591726172542807,2.591726172542807,2.591726172542807,2.591726172542807
440,2.591726172542807,2.591726172542807,2.591726172542807,2.591726172542807,2.591726172542807,2.591726172542807,2.591726172542807
441,2.591726172542807,2.591726172542807,2.591726172542807,2.591726172542807,2.591726172542807,2.591726172542807,2.591726172542807
442,2.591726172542807,2.591726172542807,2.591726172542807,2.591726172542807,2.591726172542807,2.591726172542807,2.591726172542807
443,2.591726172542807,2.591726172542807,2.591726172542807,2.591726172542807,2.591726172542807,2.591726172542807,2.591726172542807
444,2.591726172542807,2.591726172542807,2.591726172542807,2.591726172542807,2.591726172542807,2.591726172542807,2.591726172542807
445,2.591726172542807,2.591726172542807,2.591726172542807,2.591726172542807,2.591726172542807,2.591726172542807,2.591726172542807
446,2.591726172542807,2.591726172542807,2.591726172542807,2.591726172542807,2.591726172542807,2.591726172542807,2.591726172542807
447,2.591726172542807,2.591726172542807,2.591726172542807,2.591726172542807,2.591726172542807,2.591726172542807,2.591726172542807
448,2.591726172542807,2.591726172542807,2.591726172542807,2.591726172542807,2.591726172542807,2.591726172542807,2.591726172542807
449,2.591726172542807,2.591726172542807,2.591726172542807,2.591726172542807,2.591726172542807,2.591726172542807,2.591726172542807
450,2.591726172542807,2.591726172542807,2.591726172542807,2.591726172542807,2.591726172542807,2.591726172542807,2.591726172542807
451,2.591726172542807,2.591726172542807,2.591726172542807,2.591726172542807,2.591726172542807,2.591726172542807,2.591726172542807
452,2.591726172542807,2.591726172542807,2.591726172542807,2.591726172542807,2.591726172542807,2.591726172542807,2.591726172542807
453,2.591726172542807,2.591726172542807,2.591726172542807,2.591726172542807,2.591726172542807,2.591726172542807,2.591726172542807
454,2.591726172542807,2.591726172542807,2.591726172542807,2.591726172542807,2.591726172542807,2.591726172542807,2.591726172542807
455,2.591726172542807,2.591726172542807,2.591726172542807,2.591726172542807,2.591726172542807,2.591726172542807,2.591726172542807
456,2.591726172542807,2.591726172542807,2.591726172542807,2.591726172542807,2.591726172542807,2.591726172542807,2.591726172542807
457,2.591726172542807,2.591726172542807,2.591726172542807,2.591726172542807,2.591726172542807,2.591726172542807,2.591726172542807
458,2.591726172542807,2.591726172542807,2.591726172542807,2.591726172542807,2.591726172542807,2.591726172542807,2.591726172542807
459,2.591726172542807,2.591726172542807,2.591726172542807,2.591726172542807,2.591726172542807,2.591726172542807,2.591726172542807
460,2.591726172542807,2.591726172542807,2.591726172542807,2.591726172542807,2.591726172542807,2.591726172542807,2.591726172542807
461,2.591726172542807,2.591726172542807,2.591726172542807,2.591726172542807,2.591726172542807,2.591726172542807,2.591726172542807
462,2.591726172542807,2.591726172542807,2.591726172542807,2.591726172542807,2.591726172542807,2.591726172542807,2.591726172542807
463,2.591726172542807,2.591726172542807,2.591726172542807,2.591726172542807,2.591726172542807,2.591726172542807,2.591726172542807
464,2.591726172542807,2.591726172542807,2.591726172542807,2.591726172542807,2.591726172542807,2.591726172542807,2.591726172542807
465,2.591726172542807,2.591726172542807,2.591726172542807,2.591726172542807,2.591726172542807,2.591726172542807,2.591726172542807
466,2.591726172542807,2.591726172542807,2.591726172542807,2.591726172542807,2.591726172542807,2.591726172542807,2.591726172542807
467,2.591726172542807,2.591726172542807,2.591726172542807,2.591726172542807,2.591726172542807,2.591726172542807,2.591726172542807
468,2.591726172542807,2.591726172542807,2.591726172542807,2.591726172542807,2.591726172542807,2.591726172542807,2.591726172542807
469,2.591726172542807,2.591726172542807,2.591726172542807,2.591726172542807,2.591726172542807,2.591726172542807,2.591726172542807
470,2.591726172542807,2.591726172542807,2.591726172542807,2.591726172542807,2.591726172542807,2.591726172542807,2.591726172542807
471,2.591726172542807,2.591726172542807,2.591726172542807,2.591726172542807,2.591726172542807,2.591726172542807,2.591726172542807
472,2.591726172542807,2.591726172542807,2.591726172542807,2.591726172542807,2.591726172542807,2.591726172542807,2.591726172542807
473,2.591726172542807,2.591726172542807,2.591726172542807,2.591726172542807,2.591726172542807,2.591726172542807,2.591726172542807
474,2.591726172542807,2.591726172542807,2.591726172542807,2.591726172542807,2.591726172542807,2.591726172542807,2.591726172542807
475,2.591726172542807,2.591726172542807,2.591726172542807,2.591726172542807,2.591726172542807,2.591726172542807,2.591726172542807
476,2.591726172542807,2.591726172542807,2.591726172542807,2.591726172542807,2.591726172542807,2.591726172542807,2.591726172542807
477,2.591726172542807,2.591726172542807,2.591726172542807,2.591726172542807,2.591726172542807,2.591726172542807,2.591726172542807
478,2.591726172542807,2.591726172542807,2.591726172542807,2.591726172542807,2.591726172542807,2.591726172542807,2.591726172542807
479,2.591726172542807,2.591726172542807,2.591726172542807,2.591726172542807,2.591726172542807,2.591726172542807,2.591726172542807
480,2.591726172542807,2.591726172542807,2.591726172542807,2.591726172542807,2.591726172542807,2.591726172542807,2.591726172542807
481,2.591726172542807,2.591726172542807,2.591726172542807,2.591726172542807,2.591726172542807,2.591726172542807,2.591726172542807
482,2.591726172542807,2.591726172542807,2.591726172542807,2.591726172542807,2.591726172542807,2.591726172542807,2.591726172542807
483,2.591726172542807,2.591726172542807,2.591726172542807,2.591726172542807,2.591726172542807,2.591726172542807,2.591726172542807
484,2.591726172542807,2.591726172542807,2.591726172542807,2.591726172542807,2.591726172542807,2.591726172542807,2.591726172542807
485,2.591726172542807,2.591726172542807,2.591726172542807,2.591726172542807,2.591726172542807,2.591726172542807,2.591726172542807
486,2.591726172542807,2.591726172542807,2.591726172542807,2.591726172542807,2.591726172542807,2.591726172542807,2.591726172542807
487,2.591726172542807,2.591726172542807,2.591726172542807,2.591726172542807,2.591726172542807,2.591726172542807,2.591726172542807
488,2.591726172542807,2.591726172542807,2.591726172542807,2.591726172542807,2.591726172542807,2.591726172542807,2.591726172542807
489,2.591726172542807,2.591726172542807,2.591726172542807,2.591726172542807,2.591726172542807,2.591726172542807,2.591726172542807
490,2.591726172542807,2.591726172542807,2.591726172542807,2.591726172542807,2.591726172542807,2.591726172542807,2.591726172542807
491,2.591726172542807,2.591726172542807,2.591726172542807,2.591726172542807,2.591726172542807,2.591726172542807,2.591726172542807
492,2.591726172542807,2.591726172542807,2.591726172542807,2.591726172542807,2.591726172542807,2.591726172542807,2.591726172542807
493,2.591726172542807,2.591726172542807,2.591726172542807,2.591726172542807,2.591726172542807,2.591726172542807,2.591726172542807
494,2.591726172542807,2.591726172542807,2.591726172542807,2.591726172542807,2.591726172542807,2.591726172542807,2.591726172542807
495,2.591726172542807,2.591726172542807,2.591726172542807,2.591726172542807,2.591726172542807,2.591726172542807,2.591726172542807
496,2.591726172542807,2.591726172542807,2.591726172542807,2.591726172542807,2.591726172542807,2.591726172542807,2.591726172542807
497,2.591726172542807,2.591726172542807,2.591726172542807,2.591726172542807,2.591726172542807,2.591726172542807,2.591726172542807
498,2.591726172542807,2.591726172542807,2.591726172542807,2.591726172542807,2.591726172542807,2.591726172542807,2.591726172542807
499,2.591726172542807,2.591726172542807,2.591726172542807,2.591726172542807,2.591726172542807,2.591726172542807,2.591726172542807
500,2.591726172542807,2.591726172542807,2.591726172542807,2.591726172542807,2.591726172542807,2.591726172542807,2.591726172542807
501,2.591726172542807,2.591726172542807,2.591726172542807,2.591726172542807,2.591726172542807,2.591726172542807,2.591726172542807
502,2.591726172542807,2.591726172542807,2.591726172542807,2.591726172542807,2.591726172542807,2.591726172542807,2.591726172542807
503,2.591726172542807,2.591726172542807,2.591726172542807,2.591726172542807,2.591726172542807,2.591726172542807,2.591726172542807
504,2.591726172542807,2.591726172542807,2.591726172542807,2.591726172542807,2.591726172542807,2.591726172542807,2.591726172542807
505,2.591726172542807,2.591726172542807,2.591726172542807,2.591726172542807,2.591726172542807,2.591726172542807,2.591726172542807
506,2.591726172542807,2.591726172542807,2.591726172542807,2.591726172542807,2.591726172542807,2.591726172542807,2.591726172542807
507,2.591726172542807,2.591726172542807,2.591726172542807,2.591726172542807,2.591726172542807,2.591726172542807,2.591726172542807
508,2.591726172542807,2.591726172542807,2.591726172542807,2.591726172542807,2.591726172542807,2.591726172542807,2.591726172542807
509,2.591726172542807,2.591726172542807,2.591726172542807,2.591726172542807,2.591726172542807,2.591726172542807,2.591726172542807
510,2.591726172542807,2.591726172542807,2.591726172542807,2.591726172542807,2.591726172542807,2.591726172542807,2.591726172542807
511,2.591726172542807,2.591726172542807,2.591726172542807,2.591726172542807,2.591726172542807,2.591726172542807,2.591726172542807
512,2.591726172542807,2.591726172542807,2.591726172542807,2.591726172542807,2.591726172542807,2.591726172542807,2.591726172542807
513,2.591726172542807,2.591726172542807,2.591726172542807,2.591726172542807,2.591726172542807,2.591726172542807,2.591726172542807
514,2.591726172542807,2.591726172542807,2.591726172542807,2.591726172542807,2.591726172542807,2.591726172542807,2.591726172542807
515,81.04499901805434,81.04499901805434,81.04499901805434,81.04499901805434,81.04499901805434,81.04499901805434,81.04499901805434
516,104.5498065296956,104.5498065296956,104.5498065296956,104.5498065296956,104.5498065296956,104.5498065296956,104.5498065296956
517,89.87936594286167,89.87936594286167,89.87936594286167,89.87936594286167,89.87936594286167,89.87936594286167,89.87936594286167
518,89.48228115023535,89.48228115023535,89.48228115023535,89.48228115023535,89.48228115023535,89.48228115023535,89.48228115023535
519,90.83142419437958,90.83142419437958,90.83142419437958,90.83142419437958,90.83142419437958,90.83142419437958,90.83142419437958
520,70.8538586482451,70.8538586482451,70.8538586482451,70.8538586482451,70.8538586482451,70.8538586482451,70.8538586482451
521,26.554985725304146,26.554985725304146,26.554985725304146,26.554985725304146,26.554985725304146,26.554985725304146,26.554985725304146
522,7.6400108319615265,7.6400108319615265,7.6400108319615265,7.6400108319615265,7.6400108319615265,7.6400108319615265,7.6400108319615265
523,2.591726172542807,2.591726172542807,2.591726172542807,2.591726172542807,2.591726172542807,2.591726172542807,2.591726172542807
524,2.591726172542807,2.591726172542807,2.591726172542807,2.591726172542807,2.591726172542807,2.591726172542807,2.591726172542807
525,2.591726172542807,2.591726172542807,2.591726172542807,2.591726172542807,2.591726172542807,2.591726172542807,2.591726172542807
526,2.591726172542807,2.591726172542807,2.591726172542807,2.591726172542807,2.591726172542807,2.591726172542807,2.591726172542807
527,2.591726172542807,2.591726172542807,2.591726172542807,2.591726172542807,2.591726172542807,2.591726172542807,2.591726172542807
528,2.591726172542807,2.591726172542807,2.591726172542807,2.591726172542807,2.591726172542807,2.591726172542807,2.591726172542807
529,2.591726172542807,2.591726172542807,2.591726172542807,2.591726172542807,2.591726172542807,2.591726172542807,2.591726172542807
530,2.591726172542807,2.591726172542807,2.591726172542807,2.591726172542807,2.591726172542807,2.591726172542807,2.591726172542807
531,2.591726172542807,2.591726172542807,2.591726172542807,2.591726172542807,2.591726172542807,2.591726172542807,2.591726172542807
532,2.591726172542807,2.591726172542807,2.591726172542807,2.591726172542807,2.591726172542807,2.591726172542807,2.591726172542807
533,2.591726172542807,2.591726172542807,2.591726172542807,2.591726172542807,2.591726172542807,2.591726172542807,2.591726172542807
534,2.591726172542807,2.591726172542807,2.591726172542807,2.591726172542807,2.591726172542807,2.591726172542807,2.591726172542807
535,2.591726172542807,2.591726172542807,2.591726172542807,2.591726172542807,2.591726172542807,2.591726172542807,2.591726172542807
536,2.591726172542807,2.591726172542807,2.591726172542807,2.591726172542807,2.591726172542807,2.591726172542807,2.591726172542807
537,2.591726172542807,2.591726172542807,2.591726172542807,2.591726172542807,2.591726172542807,2.591726172542807,2.591726172542807
538,2.591726172542807,2.591726172542807,2.591726172542807,2.591726172542807,2.591726172542807,2.591726172542807,2.591726172542807
539,2.591726172542807,2.591726172542807,2.591726172542807,2.591726172542807,2.591726172542807,2.591726172542807,2.591726172542807
540,2.591726172542807,2.591726172542807,2.591726172542807,2.591726172542807,2.591726172542807,2.591726172542807,2.591726172542807
541,2.591726172542807,2.591726172542807,2.591726172542807,2.591726172542807,2.591726172542807,2.591726172542807,2.591726172542807
542,2.591726172542807,2.591726172542807,2.591726172542807,2.591726172542807,2.591726172542807,2.591726172542807,2.591726172542807
543,2.591726172542807,2.591726172542807,2.591726172542807,2.591726172542807,2.591726172542807,2.591726172542807,2.591726172542807
544,2.591726172542807,2.591726172542807,2.591726172542807,2.591726172542807,2.591726172542807,2.591726172542807,2.591726172542807
545,2.591726172542807,2.591726172542807,2.591726172542807,2.591726172542807,2.591726172542807,2.591726172542807,2.591726172542807
546,2.591726172542807,2.591726172542807,2.591726172542807,2.591726172542807,2.591726172542807,2.591726172542807,2.591726172542807
547,2.591726172542807,2.591726172542807,2.591726172542807,2.591726172542807,2.591726172542807,2.591726172542807,2.591726172542807
548,2.591726172542807,2.591726172542807,2.591726172542807,2.591726172542807,2.591726172542807,2.591726172542807,2.591726172542807
549,2.591726172542807,2.591726172542807,2.591726172542807,2.591726172542807,2.591726172542807,2.591726172542807,2.591726172542807
550,2.591726172542807,2.591726172542807,2.591726172542807,2.591726172542807,2.591726172542807,2.591726172542807,2.591726172542807
551,2.591726172542807,2.591726172542807,2.591726172542807,2.591726172542807,2.591726172542807,2.591726172542807,2.591726172542807
552,2.591726172542807,2.591726172542807,2.591726172542807,2.591726172542807,2.591726172542807,2.591726172542807,2.591726172542807
553,2.591726172542807,2.591726172542807,2.591726172542807,2.591726172542807,2.591726172542807,2.591726172542807,2.591726172542807
554,2.591726172542807,2.591726172542807,2.591726172542807,2.591726172542807,2.591726172542807,2.591726172542807,2.591726172542807
555,2.591726172542807,2.591726172542807,2.591726172542807,2.591726172542807,2.591726172542807,2.591726172542807,2.591726172542807
556,2.591726172542807,2.591726172542807,2.591726172542807,2.591726172542807,2.591726172542807,2.591726172542807,2.591726172542807
557,2.591726172542807,2.591726172542807,2.591726172542807,2.591726172542807,2.591726172542807,2.591726172542807,2.591726172542807
558,2.591726172542807,2.591726172542807,2.591726172542807,2.591726172542807,2.591726172542807,2.591726172542807,2.591726172542807
559,2.591726172542807,2.591726172542807,2.591726172542807,2.591726172542807,2.591726172542807,2.591726172542807,2.591726172542807
560,2.591726172542807,2.591726172542807,2.591726172542807,2.591726172542807,2.591726172542807,2.591726172542807,2.591726172542807
561,2.591726172542807,2.591726172542807,2.591726172542807,2.591726172542807,2.591726172542807,2.591726172542807,2.591726172542807
562,2.591726172542807,2.591726172542807,2.591726172542807,2.591726172542807,2.591726172542807,2.591726172542807,2.591726172542807
563,2.591726172542807,2.591726172542807,2.591726172542807,2.591726172542807,2.591726172542807,2.591726172542807,2.591726172542807
564,2.591726172542807,2.591726172542807,2.591726172542807,2.591726172542807,2.591726172542807,2.591726172542807,2.591726172542807
565,2.591726172542807,2.591726172542807,2.591726172542807,2.591726172542807,2.591726172542807,2.591726172542807,2.591726172542807
566,2.591726172542807,2.591726172542807,2.591726172542807,2.591726172542807,2.591726172542807,2.591726172542807,2.591726172542807
567,2.591726172542807,2.591726172542807,2.591726172542807,2.591726172542807,2.591726172542807,2.591726172542807,2.591726172542807
568,2.591726172542807,2.591726172542807,2.591726172542807,2.591726172542807,2.591726172542807,2.591726172542807,2.591726172542807
569,2.591726172542807,2.591726172542807,2.591726172542807,2.591726172542807,2.591726172542807,2.591726172542807,2.591726172542807
570,2.591726172542807,2.591726172542807,2.591726172542807,2.591726172542807,2.591726172542807,2.591726172542807,2.591726172542807
571,2.591726172542807,2.591726172542807,2.591726172542807,2.591726172542807,2.591726172542807,2.591726172542807,2.591726172542807
572,2.591726172542807,2.591726172542807,2.591726172542807,2.591726172542807,2.591726172542807,2.591726172542807,2.591726172542807
573,2.591726172542807,2.591726172542807,2.591726172542807,2.591726172542807,2.591726172542807,2.591726172542807,2.591726172542807
574,2.591726172542807,2.591726172542807,2.591726172542807,2.591726172542807,2.591726172542807,2.591726172542807,2.591726172542807
575,2.591726172542807,2.591726172542807,2.591726172542807,2.591726172542807,2.591726172542807,2.591726172542807,2.591726172542807
576,2.591726172542807,2.591726172542807,2.591726172542807,2.591726172542807,2.591726172542807,2.591726172542807,2.591726172542807
577,2.591726172542807,2.591726172542807,2.591726172542807,2.591726172542807,2.591726172542807,2.591726172542807,2.591726172542807
578,2.591726172542807,2.591726172542807,2.591726172542807,2.591726172542807,2.591726172542807,2.591726172542807,2.591726172542807
579,2.591726172542807,2.591726172542807,2.591726172542807,2.591726172542807,2.591726172542807,2.591726172542807,2.591726172542807
580,2.591726172542807,2.591726172542807,2.591726172542807,2.591726172542807,2.591726172542807,2.591726172542807,2.591726172542807
581,2.591726172542807,2.591726172542807,2.591726172542807,2.591726172542807,2.591726172542807,2.591726172542807,2.591726172542807
582,2.591726172542807,2.591726172542807,2.591726172542807,2.591726172542807,2.591726172542807,2.591726172542807,2.591726172542807
583,2.591726172542807,2.591726172542807,2.591726172542807,2.591726172542807,2.591726172542807,2.591726172542807,2.591726172542807
584,2.591726172542807,2.591726172542807,2.591726172542807,2.591726172542807,2.591726172542807,2.591726172542807,2.591726172542807
585,2.591726172542807,2.591726172542807,2.591726172542807,2.591726172542807,2.591726172542807,2.591726172542807,2.591726172542807
586,2.591726172542807,2.591726172542807,2.591726172542807,2.591726172542807,2.591726172542807,2.591726172542807,2.591726172542807
587,2.591726172542807,2.591726172542807,2.591726172542807,2.591726172542807,2.591726172542807,2.591726172542807,2.591726172542807
588,2.591726172542807,2.591726172542807,2.591726172542807,2.591726172542807,2.591726172542807,2.591726172542807,2.591726172542807
589,2.591726172542807,2.591726172542807,2.591726172542807,2.591726172542807,2.591726172542807,2.591726172542807,2.591726172542807
590,2.591726172542807,2.591726172542807,2.591726172542807,2.591726172542807,2.591726172542807,2.591726172542807,2.591726172542807
591,2.591726172542807,2.591726172542807,2.591726172542807,2.591726172542807,2.591726172542807,2.591726172542807,2.591726172542807
592,2.591726172542807,2.591726172542807,2.591726172542807,2.591726172542807,2.591726172542807,2.591726172542807,2.591726172542807
593,2.591726172542807,2.591726172542807,2.591726172542807,2.591726172542807,2.591726172542807,2.591726172542807,2.591726172542807
594,2.591726172542807,2.591726172542807,2.591726172542807,2.591726172542807,2.591726172542807,2.591726172542807,2.591726172542807
595,2.591726172542807,2.591726172542807,2.591726172542807,2.591726172542807,2.591726172542807,2.591726172542807,2.591726172542807
596,2.591726172542807,2.591726172542807,2.591726172542807,2.591726172542807,2.591726172542807,2.591726172542807,2.591726172542807
597,2.591726172542807,2.591726172542807,2.591726172542807,2.591726172542807,2.591726172542807,2.591726172542807,2.591726172542807
598,2.591726172542807,2.591726172542807,2.591726172542807,2.591726172542807,2.591726172542807,2.591726172542807,2.591726172542807
599,2.591726172542807,2.591726172542807,2.591726172542807,2.591726172542807,2.591726172542807,2.591726172542807,2.591726172542807
600,2.591726172542807,2.591726172542807,2.591726172542807,2.591726172542807,2.591726172542807,2.591726172542807,2.591726172542807
601,2.591726172542807,2.591726172542807,2.591726172542807,2.591726172542807,2.591726172542807,2.591726172542807,2.591726172542807
602,2.591726172542807,2.591726172542807,2.591726172542807,2.591726172542807,2.591726172542807,2.591726172542807,2.591726172542807
603,2.591726172542807,2.591726172542807,2.591726172542807,2.591726172542807,2.591726172542807,2.591726172542807,2.591726172542807
604,2.591726172542807,2.591726172542807,2.591726172542807,2.591726172542807,2.591726172542807,2.591726172542807,2.591726172542807
605,2.591726172542807,2.591726172542807,2.591726172542807,2.591726172542807,2.591726172542807,2.591726172542807,2.591726172542807
606,2.591726172542807,2.591726172542807,2.591726172542807,2.591726172542807,2.591726172542807,2.591726172542807,2.591726172542807
607,8.639087241809358,8.639087241809358,8.639087241809358,8.639087241809358,8.639087241809358,8.639087241809358,8.639087241809358
608,8.639087241809358,8.639087241809358,8.639087241809358,8.639087241809358,8.639087241809358,8.639087241809358,8.639087241809358
609,8.639087241809358,8.639087241809358,8.639087241809358,8.639087241809358,8.639087241809358,8.639087241809358,8.639087241809358
610,8.639087241809358,8.639087241809358,8.639087241809358,8.639087241809358,8.639087241809358,8.639087241809358,8.639087241809358
611,8.639087241809358,8.639087241809358,8.639087241809358,8.639087241809358,8.639087241809358,8.639087241809358,8.639087241809358
612,8.639087241809358,8.639087241809358,8.639087241809358,8.639087241809358,8.639087241809358,8.639087241809358,8.639087241809358
613,8.639087241809358,8.639087241809358,8.639087241809358,8.639087241809358,8.639087241809358,8.639087241809358,8.639087241809358
614,8.639087241809358,8.639087241809358,8.639087241809358,8.639087241809358,8.639087241809358,8.639087241809358,8.639087241809358
615,8.639087241809358,8.639087241809358,8.639087241809358,8.639087241809358,8.639087241809358,8.639087241809358,8.639087241809358
616,8.639087241809358,8.639087241809358,8.639087241809358,8.639087241809358,8.639087241809358,8.639087241809358,8.639087241809358
617,8.639087241809358,8.639087241809358,8.639087241809358,8.639087241809358,8.639087241809358,8.639087241809358,8.639087241809358
618,8.639087241809358,8.639087241809358,8.639087241809358,8.639087241809358,8.639087241809358,8.639087241809358,8.639087241809358
619,8.639087241809358,8.639087241809358,8.639087241809358,8.639087241809358,8.639087241809358,8.639087241809358,8.639087241809358
620,8.639087241809358,8.639087241809358,8.639087241809358,8.639087241809358,8.639087241809358,8.639087241809358,8.639087241809358
621,8.639087241809358,8.639087241809358,8.639087241809358,8.639087241809358,8.639087241809358,8.639087241809358,8.639087241809358
622,8.639087241809358,8.639087241809358,8.639087241809358,8.639087241809358,8.639087241809358,8.639087241809358,8.639087241809358
623,8.639087241809358,8.639087241809358,8.639087241809358,8.639087241809358,8.639087241809358,8.639087241809358,8.639087241809358
624,8.639087241809358,8.639087241809358,8.639087241809358,8.639087241809358,8.639087241809358,8.639087241809358,8.639087241809358
625,8.639087241809358,8.639087241809358,8.639087241809358,8.639087241809358,8.639087241809358,8.639087241809358,8.639087241809358
626,8.639087241809358,8.639087241809358,8.639087241809358,8.639087241809358,8.639087241809358,8.639087241809358,8.639087241809358
627,8.639087241809358,8.639087241809358,8.639087241809358,8.639087241809358,8.639087241809358,8.639087241809358,8.639087241809358
628,8.639087241809358,8.639087241809358,8.639087241809358,8.639087241809358,8.639087241809358,8.639087241809358,8.639087241809358
629,8.639087241809358,8.639087241809358,8.639087241809358,8.639087241809358,8.639087241809358,8.639087241809358,8.639087241809358
630,8.639087241809358,8.639087241809358,8.639087241809358,8.639087241809358,8.639087241809358,8.639087241809358,8.639087241809358
631,8.639087241809358,8.639087241809358,8.639087241809358,8.639087241809358,8.639087241809358,8.639087241809358,8.639087241809358
632,8.639087241809358,8.639087241809358,8.639087241809358,8.639087241809358,8.639087241809358,8.639087241809358,8.639087241809358
633,8.639087241809358,8.639087241809358,8.639087241809358,8.639087241809358,8.639087241809358,8.639087241809358,8.639087241809358
634,8.639087241809358,8.639087241809358,8.639087241809358,8.639087241809358,8.639087241809358,8.639087241809358,8.639087241809358
635,8.639087241809358,8.639087241809358,8.639087241809358,8.639087241809358,8.639087241809358,8.639087241809358,8.639087241809358
636,8.639087241809358,8.639087241809358,8.639087241809358,8.639087241809358,8.639087241809358,8.639087241809358,8.639087241809358
637,8.639087241809358,8.639087241809358,8.639087241809358,8.639087241809358,8.639087241809358,8.639087241809358,8.639087241809358
638,8.639087241809358,8.639087241809358,8.639087241809358,8.639087241809358,8.639087241809358,8.639087241809358,8.639087241809358
639,8.639087241809358,8.639087241809358,8.639087241809358,8.639087241809358,8.639087241809358,8.639087241809358,8.639087241809358
640,8.639087241809358,8.639087241809358,8.639087241809358,8.639087241809358,8.639087241809358,8.639087241809358,8.639087241809358
641,8.639087241809358,8.639087241809358,8.639087241809358,8.639087241809358,8.639087241809358,8.639087241809358,8.639087241809358
642,8.639087241809358,8.639087241809358,8.639087241809358,8.639087241809358,8.639087241809358,8.639087241809358,8.639087241809358
643,8.639087241809358,8.639087241809358,8.639087241809358,8.639087241809358,8.639087241809358,8.639087241809358,8.639087241809358
644,8.639087241809358,8.639087241809358,8.639087241809358,8.639087241809358,8.639087241809358,8.639087241809358,8.639087241809358
645,8.639087241809358,8.639087241809358,8.639087241809358,8.639087241809358,8.639087241809358,8.639087241809358,8.639087241809358
646,8.639087241809358,8.639087241809358,8.639087241809358,8.639087241809358,8.639087241809358,8.639087241809358,8.639087241809358
647,8.639087241809358,8.639087241809358,8.639087241809358,8.639087241809358,8.639087241809358,8.639087241809358,8.639087241809358
648,8.639087241809358,8.639087241809358,8.639087241809358,8.639087241809358,8.639087241809358,8.639087241809358,8.639087241809358
649,8.639087241809358,8.639087241809358,8.639087241809358,8.639087241809358,8.639087241809358,8.639087241809358,8.639087241809358
650,8.639087241809358,8.639087241809358,8.639087241809358,8.639087241809358,8.639087241809358,8.639087241809358,8.639087241809358
651,8.639087241809358,8.639087241809358,8.639087241809358,8.639087241809358,8.639087241809358,8.639087241809358,8.639087241809358
652,8.639087241809358,8.639087241809358,8.639087241809358,8.639087241809358,8.639087241809358,8.639087241809358,8.639087241809358
653,8.639087241809358,8.639087241809358,8.639087241809358,8.639087241809358,8.639087241809358,8.639087241809358,8.639087241809358
654,8.639087241809358,8.639087241809358,8.639087241809358,8.639087241809358,8.639087241809358,8.639087241809358,8.639087241809358
655,8.639087241809358,8.639087241809358,8.639087241809358,8.639087241809358,8.639087241809358,8.639087241809358,8.639087241809358
656,8.639087241809358,8.639087241809358,8.639087241809358,8.639087241809358,8.639087241809358,8.639087241809358,8.639087241809358
657,8.639087241809358,8.639087241809358,8.639087241809358,8.639087241809358,8.639087241809358,8.639087241809358,8.639087241809358
658,8.639087241809358,8.639087241809358,8.639087241809358,8.639087241809358,8.639087241809358,8.639087241809358,8.639087241809358
659,8.639087241809358,8.639087241809358,8.639087241809358,8.639087241809358,8.639087241809358,8.639087241809358,8.639087241809358
660,8.639087241809358,8.639087241809358,8.639087241809358,8.639087241809358,8.639087241809358,8.639087241809358,8.639087241809358
661,8.639087241809358,8.639087241809358,8.639087241809358,8.639087241809358,8.639087241809358,8.639087241809358,8.639087241809358
662,8.639087241809358,8.639087241809358,8.639087241809358,8.639087241809358,8.639087241809358,8.639087241809358,8.639087241809358
663,8.639087241809358,8.639087241809358,8.639087241809358,8.639087241809358,8.639087241809358,8.639087241809358,8.639087241809358
664,8.639087241809358,8.639087241809358,8.639087241809358,8.639087241809358,8.639087241809358,8.639087241809358,8.639087241809358
665,8.639087241809358,8.639087241809358,8.639087241809358,8.639087241809358,8.639087241809358,8.639087241809358,8.639087241809358
666,8.639087241809358,8.639087241809358,8.639087241809358,8.639087241809358,8.639087241809358,8.639087241809358,8.639087241809358
667,8.639087241809358,8.639087241809358,8.639087241809358,8.639087241809358,8.639087241809358,8.639087241809358,8.639087241809358
668,8.639087241809358,8.639087241809358,8.639087241809358,8.639087241809358,8.639087241809358,8.639087241809358,8.639087241809358
669,8.639087241809358,8.639087241809358,8.639087241809358,8.639087241809358,8.639087241809358,8.639087241809358,8.639087241809358
670,8.639087241809358,8.639087241809358,8.639087241809358,8.639087241809358,8.639087241809358,8.639087241809358,8.639087241809358
671,8.639087241809358,8.639087241809358,8.639087241809358,8.639087241809358,8.639087241809358,8.639087241809358,8.639087241809358
672,8.639087241809358,8.639087241809358,8.639087241809358,8.639087241809358,8.639087241809358,8.639087241809358,8.639087241809358
673,8.639087241809358,8.639087241809358,8.639087241809358,8.639087241809358,8.639087241809358,8.639087241809358,8.639087241809358
674,8.639087241809358,8.639087241809358,8.639087241809358,8.639087241809358,8.639087241809358,8.639087241809358,8.639087241809358
675,8.639087241809358,8.639087241809358,8.639087241809358,8.639087241809358,8.639087241809358,8.639087241809358,8.639087241809358
676,184.80392186252791,184.80392186252791,184.80392186252791,184.80392186252791,184.80392186252791,184.80392186252791,184.80392186252791
677,180.59394850967092,180.59394850967092,180.59394850967092,180.59394850967092,180.59394850967092,180.59394850967092,180.59394850967092
678,150.9998954897358,150.9998954897358,150.9998954897358,150.9998954897358,150.9998954897358,150.9998954897358,150.9998954897358
679,110.51250607552895,110.51250607552895,110.51250607552895,110.51250607552895,110.51250607552895,110.51250607552895,110.51250607552895
680,102.64319073486962,102.64319073486962,102.64319073486962,102.64319073486962,102.64319073486962,102.64319073486962,102.64319073486962
681,62.63652822302702,62.63652822302702,62.63652822302702,62.63652822302702,62.63652822302702,62.63652822302702,62.63652822302702
682,26.75977318905079,26.75977318905079,26.75977318905079,26.75977318905079,26.75977318905079,26.75977318905079,26.75977318905079
683,8.639087241809358,8.639087241809358,8.639087241809358,8.639087241809358,8.639087241809358,8.639087241809358,8.639087241809358
684,8.639087241809358,8.639087241809358,8.639087241809358,8.639087241809358,8.639087241809358,8.639087241809358,8.639087241809358
685,8.639087241809358,8.639087241809358,8.639087241809358,8.639087241809358,8.639087241809358,8.639087241809358,8.639087241809358
686,8.639087241809358,8.639087241809358,8.639087241809358,8.639087241809358,8.639087241809358,8.639087241809358,8.639087241809358
687,8.639087241809358,8.639087241809358,8.639087241809358,8.639087241809358,8.639087241809358,8.639087241809358,8.639087241809358
688,8.639087241809358,8.639087241809358,8.639087241809358,8.639087241809358,8.639087241809358,8.639087241809358,8.639087241809358
689,8.639087241809358,8.639087241809358,8.639087241809358,8.639087241809358,8.639087241809358,8.639087241809358,8.639087241809358
690,8.639087241809358,8.639087241809358,8.639087241809358,8.639087241809358,8.639087241809358,8.639087241809358,8.639087241809358
691,8.639087241809358,8.639087241809358,8.639087241809358,8.639087241809358,8.639087241809358,8.639087241809358,8.639087241809358
692,8.639087241809358,8.639087241809358,8.639087241809358,8.639087241809358,8.639087241809358,8.639087241809358,8.639087241809358
693,8.639087241809358,8.639087241809358,8.639087241809358,8.639087241809358,8.639087241809358,8.639087241809358,8.639087241809358
694,8.639087241809358,8.639087241809358,8.639087241809358,8.639087241809358,8.639087241809358,8.639087241809358,8.639087241809358
695,8.639087241809358,8.639087241809358,8.639087241809358,8.639087241809358,8.639087241809358,8.639087241809358,8.639087241809358
696,8.639087241809358,8.639087241809358,8.639087241809358,8.639087241809358,8.639087241809358,8.639087241809358,8.639087241809358
697,8.639087241809358,8.639087241809358,8.639087241809358,8.639087241809358,8.639087241809358,8.639087241809358,8.639087241809358
698,8.639087241809358,8.639087241809358,8.639087241809358,8.639087241809358,8.639087241809358,8.639087241809358,8.639087241809358
699,8.639087241809358,8.639087241809358,8.639087241809358,8.639087241809358,8.639087241809358,8.639087241809358,8.639087241809358
700,8.639087241809358,8.639087241809358,8.639087241809358,8.639087241809358,8.639087241809358,8.639087241809358,8.639087241809358
701,8.639087241809358,8.639087241809358,8.639087241809358,8.639087241809358,8.639087241809358,8.639087241809358,8.639087241809358
702,8.639087241809358,8.639087241809358,8.639087241809358,8.639087241809358,8.639087241809358,8.639087241809358,8.639087241809358
703,8.639087241809358,8.639087241809358,8.639087241809358,8.639087241809358,8.639087241809358,8.639087241809358,8.639087241809358
704,8.639087241809358,8.639087241809358,8.639087241809358,8.639087241809358,8.639087241809358,8.639087241809358,8.639087241809358
705,8.639087241809358,8.639087241809358,8.639087241809358,8.639087241809358,8.639087241809358,8.639087241809358,8.639087241809358
706,8.639087241809358,8.639087241809358,8.639087241809358,8.639087241809358,8.639087241809358,8.639087241809358,8.639087241809358
707,8.639087241809358,8.639087241809358,8.639087241809358,8.639087241809358,8.639087241809358,8.639087241809358,8.639087241809358
708,8.639087241809358,8.639087241809358,8.639087241809358,8.639087241809358,8.639087241809358,8.639087241809358,8.639087241809358
709,8.639087241809358,8.639087241809358,8.639087241809358,8.639087241809358,8.639087241809358,8.639087241809358,8.639087241809358
710,8.639087241809358,8.639087241809358,8.639087241809358,8.639087241809358,8.639087241809358,8.639087241809358,8.639087241809358
711,8.639087241809358,8.639087241809358,8.639087241809358,8.639087241809358,8.639087241809358,8.639087241809358,8.639087241809358
712,8.639087241809358,8.639087241809358,8.639087241809358,8.639087241809358,8.639087241809358,8.639087241809358,8.639087241809358
713,8.639087241809358,8.639087241809358,8.639087241809358,8.639087241809358,8.639087241809358,8.639087241809358,8.639087241809358
714,8.639087241809358,8.639087241809358,8.639087241809358,8.639087241809358,8.639087241809358,8.639087241809358,8.639087241809358
715,8.639087241809358,8.639087241809358,8.639087241809358,8.639087241809358,8.639087241809358,8.639087241809358,8.639087241809358
716,8.639087241809358,8.639087241809358,8.639087241809358,8.639087241809358,8.639087241809358,8.639087241809358,8.639087241809358
717,203.8256040429008,203.8256040429008,203.8256040429008,203.8256040429008,203.8256040429008,203.8256040429008,203.8256040429008
718,282.3224430049296,282.3224430049296,282.3224430049296,282.3224430049296,282.3224430049296,282.3224430049296,282.3224430049296
719,333.1239815311602,333.1239815311602,333.1239815311602,333.1239815311602,333.1239815311602,333.1239815311602,333.1239815311602
720,344.98783869882936,344.98783869882936,344.98783869882936,344.98783869882936,344.98783869882936,344.98783869882936,344.98783869882936
721,336.15394533524034,336.15394533524034,336.15394533524034,336.15394533524034,336.15394533524034,336.15394533524034,336.15394533524034
722,329.09814485104295,329.09814485104295,329.09814485104295,329.09814485104295,329.09814485104295,329.09814485104295,329.09814485104295
723,323.8732938436828,323.8732938436828,323.8732938436828,323.8732938436828,323.8732938436828,323.8732938436828,323.8732938436828
724,305.8991665593282,305.8991665593282,305.8991665593282,305.8991665593282,305.8991665593282,305.8991665593282,305.8991665593282
725,287.76826893975726,287.76826893975726,287.76826893975726,287.76826893975726,287.76826893975726,287.76826893975726,287.76826893975726
726,366.37998523231545,366.37998523231545,366.37998523231545,366.37998523231545,366.37998523231545,366.37998523231545,366.37998523231545
727,384.2530204941195,384.2530204941195,384.2530204941195,384.2530204941195,384.2530204941195,384.2530204941195,384.2530204941195
728,375.89620789936373,375.89620789936373,375.89620789936373,375.89620789936373,375.89620789936373,375.89620789936373,375.89620789936373
729,313.0192392303226,313.0192392303226,313.0192392303226,313.0192392303226,313.0192392303226,313.0192392303226,313.0192392303226
730,256.1405140182673,256.1405140182673,256.1405140182673,256.1405140182673,256.1405140182673,256.1405140182673,256.1405140182673
731,203.32529774239305,203.32529774239305,203.32529774239305,203.32529774239305,203.32529774239305,203.32529774239305,203.32529774239305
732,153.96883986060533,153.96883986060533,153.96883986060533,153.96883986060533,153.96883986060533,153.96883986060533,153.96883986060533
733,104.75301173289621,104.75301173289621,104.75301173289621,104.75301173289621,104.75301173289621,104.75301173289621,104.75301173289621
734,67.60119509198647,67.60119509198647,67.60119509198647,67.60119509198647,67.60119509198647,67.60119509198647,67.60119509198647
735,38.48664584003858,38.48664584003858,38.48664584003858,38.48664584003858,38.48664584003858,38.48664584003858,38.48664584003858
736,10.082805870516495,10.082805870516495,10.082805870516495,10.082805870516495,10.082805870516495,10.082805870516495,10.082805870516495
737,2.5853432728956163,2.5853432728956163,2.5853432728956163,2.5853432728956163,2.5853432728956163,2.5853432728956163,2.5853432728956163
738,2.5853432728956163,2.5853432728956163,2.5853432728956163,2.5853432728956163,2.5853432728956163,2.5853432728956163,2.5853432728956163
739,2.5853432728956163,2.5853432728956163,2.5853432728956163,2.5853432728956163,2.5853432728956163,2.5853432728956163,2.5853432728956163
740,2.5853432728956163,2.5853432728956163,2.5853432728956163,2.5853432728956163,2.5853432728956163,2.5853432728956163,2.5853432728956163
741,2.5853432728956163,2.5853432728956163,2.5853432728956163,2.5853432728956163,2.5853432728956163,2.5853432728956163,2.5853432728956163
742,2.5853432728956163,2.5853432728956163,2.5853432728956163,2.5853432728956163,2.5853432728956163,2.5853432728956163,2.5853432728956163
743,2.5853432728956163,2.5853432728956163,2.5853432728956163,2.5853432728956163,2.5853432728956163,2.5853432728956163,2.5853432728956163
744,2.5853432728956163,2.5853432728956163,2.5853432728956163,2.5853432728956163,2.5853432728956163,2.5853432728956163,2.5853432728956163
745,2.5853432728956163,2.5853432728956163,2.5853432728956163,2.5853432728956163,2.5853432728956163,2.5853432728956163,2.5853432728956163
746,2.5853432728956163,2.5853432728956163,2.5853432728956163,2.5853432728956163,2.5853432728956163,2.5853432728956163,2.5853432728956163
747,2.5853432728956163,2.5853432728956163,2.5853432728956163,2.5853432728956163,2.5853432728956163,2.5853432728956163,2.5853432728956163
748,2.5853432728956163,2.5853432728956163,2.5853432728956163,2.5853432728956163,2.5853432728956163,2.5853432728956163,2.5853432728956163
749,2.5853432728956163,2.5853432728956163,2.5853432728956163,2.5853432728956163,2.5853432728956163,2.5853432728956163,2.5853432728956163
750,2.5853432728956163,2.5853432728956163,2.5853432728956163,2.5853432728956163,2.5853432728956163,2.5853432728956163,2.5853432728956163
751,2.5853432728956163,2.5853432728956163,2.5853432728956163,2.5853432728956163,2.5853432728956163,2.5853432728956163,2.5853432728956163
752,2.5853432728956163,2.5853432728956163,2.5853432728956163,2.5853432728956163,2.5853432728956163,2.5853432728956163,2.5853432728956163
753,2.5853432728956163,2.5853432728956163,2.5853432728956163,2.5853432728956163,2.5853432728956163,2.5853432728956163,2.5853432728956163
754,2.5853432728956163,2.5853432728956163,2.5853432728956163,2.5853432728956163,2.5853432728956163,2.5853432728956163,2.5853432728956163
755,2.5853432728956163,2.5853432728956163,2.5853432728956163,2.5853432728956163,2.5853432728956163,2.5853432728956163,2.5853432728956163
756,2.5853432728956163,2.5853432728956163,2.5853432728956163,2.5853432728956163,2.5853432728956163,2.5853432728956163,2.5853432728956163
757,2.5853432728956163,2.5853432728956163,2.5853432728956163,2.5853432728956163,2.5853432728956163,2.5853432728956163,2.5853432728956163
758,2.5853432728956163,2.5853432728956163,2.5853432728956163,2.5853432728956163,2.5853432728956163,2.5853432728956163,2.5853432728956163
759,2.5853432728956163,2.5853432728956163,2.5853432728956163,2.5853432728956163,2.5853432728956163,2.5853432728956163,2.5853432728956163
760,2.5853432728956163,2.5853432728956163,2.5853432728956163,2.5853432728956163,2.5853432728956163,2.5853432728956163,2.5853432728956163
761,2.5853432728956163,2.5853432728956163,2.5853432728956163,2.5853432728956163,2.5853432728956163,2.5853432728956163,2.5853432728956163
762,2.5853432728956163,2.5853432728956163,2.5853432728956163,2.5853432728956163,2.5853432728956163,2.5853432728956163,2.5853432728956163
763,2.5853432728956163,2.5853432728956163,2.5853432728956163,2.5853432728956163,2.5853432728956163,2.5853432728956163,2.5853432728956163
764,2.5853432728956163,2.5853432728956163,2.5853432728956163,2.5853432728956163,2.5853432728956163,2.5853432728956163,2.5853432728956163
765,2.5853432728956163,2.5853432728956163,2.5853432728956163,2.5853432728956163,2.5853432728956163,2.5853432728956163,2.5853432728956163
766,2.5853432728956163,2.5853432728956163,2.5853432728956163,2.5853432728956163,2.5853432728956163,2.5853432728956163,2.5853432728956163
767,2.5853432728956163,2.5853432728956163,2.5853432728956163,2.5853432728956163,2.5853432728956163,2.5853432728956163,2.5853432728956163
768,2.5853432728956163,2.5853432728956163,2.5853432728956163,2.5853432728956163,2.5853432728956163,2.5853432728956163,2.5853432728956163
769,2.5853432728956163,2.5853432728956163,2.5853432728956163,2.5853432728956163,2.5853432728956163,2.5853432728956163,2.5853432728956163
770,2.5853432728956163,2.5853432728956163,2.5853432728956163,2.5853432728956163,2.5853432728956163,2.5853432728956163,2.5853432728956163
771,2.5853432728956163,2.5853432728956163,2.5853432728956163,2.5853432728956163,2.5853432728956163,2.5853432728956163,2.5853432728956163
772,2.5853432728956163,2.5853432728956163,2.5853432728956163,2.5853432728956163,2.5853432728956163,2.5853432728956163,2.5853432728956163
773,2.5853432728956163,2.5853432728956163,2.5853432728956163,2.5853432728956163,2.5853432728956163,2.5853432728956163,2.5853432728956163
774,2.5853432728956163,2.5853432728956163,2.5853432728956163,2.5853432728956163,2.5853432728956163,2.5853432728956163,2.5853432728956163
775,2.5853432728956163,2.5853432728956163,2.5853432728956163,2.5853432728956163,2.5853432728956163,2.5853432728956163,2.5853432728956163
776,2.5853432728956163,2.5853432728956163,2.5853432728956163,2.5853432728956163,2.5853432728956163,2.5853432728956163,2.5853432728956163
777,2.5853432728956163,2.5853432728956163,2.5853432728956163,2.5853432728956163,2.5853432728956163,2.5853432728956163,2.5853432728956163
778,2.5853432728956163,2.5853432728956163,2.5853432728956163,2.5853432728956163,2.5853432728956163,2.5853432728956163,2.5853432728956163
779,2.5853432728956163,2.5853432728956163,2.5853432728956163,2.5853432728956163,2.5853432728956163,2.5853432728956163,2.5853432728956163
780,2.5853432728956163,2.5853432728956163,2.5853432728956163,2.5853432728956163,2.5853432728956163,2.5853432728956163,2.5853432728956163
781,2.5853432728956163,2.5853432728956163,2.5853432728956163,2.5853432728956163,2.5853432728956163,2.5853432728956163,2.5853432728956163
782,2.5853432728956163,2.5853432728956163,2.5853432728956163,2.5853432728956163,2.5853432728956163,2.5853432728956163,2.5853432728956163
783,2.5853432728956163,2.5853432728956163,2.5853432728956163,2.5853432728956163,2.5853432728956163,2.5853432728956163,2.5853432728956163
784,2.5853432728956163,2.5853432728956163,2.5853432728956163,2.5853432728956163,2.5853432728956163,2.5853432728956163,2.5853432728956163
785,2.5853432728956163,2.5853432728956163,2.5853432728956163,2.5853432728956163,2.5853432728956163,2.5853432728956163,2.5853432728956163
786,2.5853432728956163,2.5853432728956163,2.5853432728956163,2.5853432728956163,2.5853432728956163,2.5853432728956163,2.5853432728956163
787,2.5853432728956163,2.5853432728956163,2.5853432728956163,2.5853432728956163,2.5853432728956163,2.5853432728956163,2.5853432728956163
788,2.5853432728956163,2.5853432728956163,2.5853432728956163,2.5853432728956163,2.5853432728956163,2.5853432728956163,2.5853432728956163
789,2.5853432728956163,2.5853432728956163,2.5853432728956163,2.5853432728956163,2.5853432728956163,2.5853432728956163,2.5853432728956163
790,2.5853432728956163,2.5853432728956163,2.5853432728956163,2.5853432728956163,2.5853432728956163,2.5853432728956163,2.5853432728956163
791,2.5853432728956163,2.5853432728956163,2.5853432728956163,2.5853432728956163,2.5853432728956163,2.5853432728956163,2.5853432728956163
792,2.5853432728956163,2.5853432728956163,2.5853432728956163,2.5853432728956163,2.5853432728956163,2.5853432728956163,2.5853432728956163
793,2.5853432728956163,2.5853432728956163,2.5853432728956163,2.5853432728956163,2.5853432728956163,2.5853432728956163,2.5853432728956163
794,2.5853432728956163,2.5853432728956163,2.5853432728956163,2.5853432728956163,2.5853432728956163,2.5853432728956163,2.5853432728956163
795,2.5853432728956163,2.5853432728956163,2.5853432728956163,2.5853432728956163,2.5853432728956163,2.5853432728956163,2.5853432728956163
796,2.5853432728956163,2.5853432728956163,2.5853432728956163,2.5853432728956163,2.5853432728956163,2.5853432728956163,2.5853432728956163
797,2.5853432728956163,2.5853432728956163,2.5853432728956163,2.5853432728956163,2.5853432728956163,2.5853432728956163,2.5853432728956163
798,2.5853432728956163,2.5853432728956163,2.5853432728956163,2.5853432728956163,2.5853432728956163,2.5853432728956163,2.5853432728956163
799,2.5853432728956163,2.5853432728956163,2.5853432728956163,2.5853432728956163,2.5853432728956163,2.5853432728956163,2.5853432728956163
800,2.5853432728956163,2.5853432728956163,2.5853432728956163,2.5853432728956163,2.5853432728956163,2.5853432728956163,2.5853432728956163
801,2.5853432728956163,2.5853432728956163,2.5853432728956163,2.5853432728956163,2.5853432728956163,2.5853432728956163,2.5853432728956163
802,2.5853432728956163,2.5853432728956163,2.5853432728956163,2.5853432728956163,2.5853432728956163,2.5853432728956163,2.5853432728956163
803,2.5853432728956163,2.5853432728956163,2.5853432728956163,2.5853432728956163,2.5853432728956163,2.5853432728956163,2.5853432728956163
804,2.5853432728956163,2.5853432728956163,2.5853432728956163,2.5853432728956163,2.5853432728956163,2.5853432728956163,2.5853432728956163
805,2.5853432728956163,2.5853432728956163,2.5853432728956163,2.5853432728956163,2.5853432728956163,2.5853432728956163,2.5853432728956163
806,2.5853432728956163,2.5853432728956163,2.5853432728956163,2.5853432728956163,2.5853432728956163,2.5853432728956163,2.5853432728956163
807,2.5853432728956163,2.5853432728956163,2.5853432728956163,2.5853432728956163,2.5853432728956163,2.5853432728956163,2.5853432728956163
808,2.5853432728956163,2.5853432728956163,2.5853432728956163,2.5853432728956163,2.5853432728956163,2.5853432728956163,2.5853432728956163
809,2.5853432728956163,2.5853432728956163,2.5853432728956163,2.5853432728956163,2.5853432728956163,2.5853432728956163,2.5853432728956163
810,2.5853432728956163,2.5853432728956163,2.5853432728956163,2.5853432728956163,2.5853432728956163,2.5853432728956163,2.5853432728956163
811,2.5853432728956163,2.5853432728956163,2.5853432728956163,2.5853432728956163,2.5853432728956163,2.5853432728956163,2.5853432728956163
812,2.5853432728956163,2.5853432728956163,2.5853432728956163,2.5853432728956163,2.5853432728956163,2.5853432728956163,2.5853432728956163
813,2.5853432728956163,2.5853432728956163,2.5853432728956163,2.5853432728956163,2.5853432728956163,2.5853432728956163,2.5853432728956163
814,2.5853432728956163,2.5853432728956163,2.5853432728956163,2.5853432728956163,2.5853432728956163,2.5853432728956163,2.5853432728956163
815,2.5853432728956163,2.5853432728956163,2.5853432728956163,2.5853432728956163,2.5853432728956163,2.5853432728956163,2.5853432728956163
816,2.5853432728956163,2.5853432728956163,2.5853432728956163,2.5853432728956163,2.5853432728956163,2.5853432728956163,2.5853432728956163
817,2.5853432728956163,2.5853432728956163,2.5853432728956163,2.5853432728956163,2.5853432728956163,2.5853432728956163,2.5853432728956163
818,2.5853432728956163,2.5853432728956163,2.5853432728956163,2.5853432728956163,2.5853432728956163,2.5853432728956163,2.5853432728956163
819,2.5853432728956163,2.5853432728956163,2.5853432728956163,2.5853432728956163,2.5853432728956163,2.5853432728956163,2.5853432728956163
820,2.5853432728956163,2.5853432728956163,2.5853432728956163,2.5853432728956163,2.5853432728956163,2.5853432728956163,2.5853432728956163
821,2.5853432728956163,2.5853432728956163,2.5853432728956163,2.5853432728956163,2.5853432728956163,2.5853432728956163,2.5853432728956163
822,2.5853432728956163,2.5853432728956163,2.5853432728956163,2.5853432728956163,2.5853432728956163,2.5853432728956163,2.5853432728956163
823,2.5853432728956163,2.5853432728956163,2.5853432728956163,2.5853432728956163,2.5853432728956163,2.5853432728956163,2.5853432728956163
824,2.5853432728956163,2.5853432728956163,2.5853432728956163,2.5853432728956163,2.5853432728956163,2.5853432728956163,2.5853432728956163
825,2.5853432728956163,2.5853432728956163,2.5853432728956163,2.5853432728956163,2.5853432728956163,2.5853432728956163,2.5853432728956163
826,2.5853432728956163,2.5853432728956163,2.5853432728956163,2.5853432728956163,2.5853432728956163,2.5853432728956163,2.5853432728956163
827,2.5853432728956163,2.5853432728956163,2.5853432728956163,2.5853432728956163,2.5853432728956163,2.5853432728956163,2.5853432728956163
828,2.5853432728956163,2.5853432728956163,2.5853432728956163,2.5853432728956163,2.5853432728956163,2.5853432728956163,2.5853432728956163
829,2.5853432728956163,2.5853432728956163,2.5853432728956163,2.5853432728956163,2.5853432728956163,2.5853432728956163,2.5853432728956163
830,2.5853432728956163,2.5853432728956163,2.5853432728956163,2.5853432728956163,2.5853432728956163,2.5853432728956163,2.5853432728956163
831,2.5853432728956163,2.5853432728956163,2.5853432728956163,2.5853432728956163,2.5853432728956163,2.5853432728956163,2.5853432728956163
832,2.5853432728956163,2.5853432728956163,2.5853432728956163,2.5853432728956163,2.5853432728956163,2.5853432728956163,2.5853432728956163
833,2.5853432728956163,2.5853432728956163,2.5853432728956163,2.5853432728956163,2.5853432728956163,2.5853432728956163,2.5853432728956163
834,2.5853432728956163,2.5853432728956163,2.5853432728956163,2.5853432728956163,2.5853432728956163,2.5853432728956163,2.5853432728956163
835,2.5853432728956163,2.5853432728956163,2.5853432728956163,2.5853432728956163,2.5853432728956163,2.5853432728956163,2.5853432728956163
836,2.5853432728956163,2.5853432728956163,2.5853432728956163,2.5853432728956163,2.5853432728956163,2.5853432728956163,2.5853432728956163
837,2.5853432728956163,2.5853432728956163,2.5853432728956163,2.5853432728956163,2.5853432728956163,2.5853432728956163,2.5853432728956163
838,2.5853432728956163,2.5853432728956163,2.5853432728956163,2.5853432728956163,2.5853432728956163,2.5853432728956163,2.5853432728956163
839,2.5853432728956163,2.5853432728956163,2.5853432728956163,2.5853432728956163,2.5853432728956163,2.5853432728956163,2.5853432728956163
840,2.5853432728956163,2.5853432728956163,2.5853432728956163,2.5853432728956163,2.5853432728956163,2.5853432728956163,2.5853432728956163
841,2.5853432728956163,2.5853432728956163,2.5853432728956163,2.5853432728956163,2.5853432728956163,2.5853432728956163,2.5853432728956163
842,2.5853432728956163,2.5853432728956163,2.5853432728956163,2.5853432728956163,2.5853432728956163,2.5853432728956163,2.5853432728956163
843,2.5853432728956163,2.5853432728956163,2.5853432728956163,2.5853432728956163,2.5853432728956163,2.5853432728956163,2.5853432728956163
844,2.5853432728956163,2.5853432728956163,2.5853432728956163,2.5853432728956163,2.5853432728956163,2.5853432728956163,2.5853432728956163
845,2.5853432728956163,2.5853432728956163,2.5853432728956163,2.5853432728956163,2.5853432728956163,2.5853432728956163,2.5853432728956163
846,2.5853432728956163,2.5853432728956163,2.5853432728956163,2.5853432728956163,2.5853432728956163,2.5853432728956163,2.5853432728956163
847,2.5853432728956163,2.5853432728956163,2.5853432728956163,2.5853432728956163,2.5853432728956163,2.5853432728956163,2.5853432728956163
848,2.5853432728956163,2.5853432728956163,2.5853432728956163,2.5853432728956163,2.5853432728956163,2.5853432728956163,2.5853432728956163
849,2.5853432728956163,2.5853432728956163,2.5853432728956163,2.5853432728956163,2.5853432728956163,2.5853432728956163,2.5853432728956163
850,2.5853432728956163,2.5853432728956163,2.5853432728956163,2.5853432728956163,2.5853432728956163,2.5853432728956163,2.5853432728956163
851,2.5853432728956163,2.5853432728956163,2.5853432728956163,2.5853432728956163,2.5853432728956163,2.5853432728956163,2.5853432728956163
852,2.5853432728956163,2.5853432728956163,2.5853432728956163,2.5853432728956163,2.5853432728956163,2.5853432728956163,2.5853432728956163
853,2.5853432728956163,2.5853432728956163,2.5853432728956163,2.5853432728956163,2.5853432728956163,2.5853432728956163,2.5853432728956163
854,2.5853432728956163,2.5853432728956163,2.5853432728956163,2.5853432728956163,2.5853432728956163,2.5853432728956163,2.5853432728956163
855,2.5853432728956163,2.5853432728956163,2.5853432728956163,2.5853432728956163,2.5853432728956163,2.5853432728956163,2.5853432728956163
856,2.5853432728956163,2.5853432728956163,2.5853432728956163,2.5853432728956163,2.5853432728956163,2.5853432728956163,2.5853432728956163
857,2.5853432728956163,2.5853432728956163,2.5853432728956163,2.5853432728956163,2.5853432728956163,2.5853432728956163,2.5853432728956163
858,2.5853432728956163,2.5853432728956163,2.5853432728956163,2.5853432728956163,2.5853432728956163,2.5853432728956163,2.5853432728956163
859,2.5853432728956163,2.5853432728956163,2.5853432728956163,2.5853432728956163,2.5853432728956163,2.5853432728956163,2.5853432728956163
860,2.5853432728956163,2.5853432728956163,2.5853432728956163,2.5853432728956163,2.5853432728956163,2.5853432728956163,2.5853432728956163
861,2.5853432728956163,2.5853432728956163,2.5853432728956163,2.5853432728956163,2.5853432728956163,2.5853432728956163,2.5853432728956163
862,2.5853432728956163,2.5853432728956163,2.5853432728956163,2.5853432728956163,2.5853432728956163,2.5853432728956163,2.5853432728956163
863,2.5853432728956163,2.5853432728956163,2.5853432728956163,2.5853432728956163,2.5853432728956163,2.5853432728956163,2.5853432728956163
864,2.5853432728956163,2.5853432728956163,2.5853432728956163,2.5853432728956163,2.5853432728956163,2.5853432728956163,2.5853432728956163
865,2.5853432728956163,2.5853432728956163,2.5853432728956163,2.5853432728956163,2.5853432728956163,2.5853432728956163,2.5853432728956163
866,2.5853432728956163,2.5853432728956163,2.5853432728956163,2.5853432728956163,2.5853432728956163,2.5853432728956163,2.5853432728956163
867,2.5853432728956163,2.5853432728956163,2.5853432728956163,2.5853432728956163,2.5853432728956163,2.5853432728956163,2.5853432728956163
868,2.5853432728956163,2.5853432728956163,2.5853432728956163,2.5853432728956163,2.5853432728956163,2.5853432728956163,2.5853432728956163
869,2.5853432728956163,2.5853432728956163,2.5853432728956163,2.5853432728956163,2.5853432728956163,2.5853432728956163,2.5853432728956163
870,2.5853432728956163,2.5853432728956163,2.5853432728956163,2.5853432728956163,2.5853432728956163,2.5853432728956163,2.5853432728956163
871,2.5853432728956163,2.5853432728956163,2.5853432728956163,2.5853432728956163,2.5853432728956163,2.5853432728956163,2.5853432728956163
872,2.5853432728956163,2.5853432728956163,2.5853432728956163,2.5853432728956163,2.5853432728956163,2.5853432728956163,2.5853432728956163
873,2.5853432728956163,2.5853432728956163,2.5853432728956163,2.5853432728956163,2.5853432728956163,2.5853432728956163,2.5853432728956163
874,2.5853432728956163,2.5853432728956163,2.5853432728956163,2.5853432728956163,2.5853432728956163,2.5853432728956163,2.5853432728956163
875,2.5853432728956163,2.5853432728956163,2.5853432728956163,2.5853432728956163,2.5853432728956163,2.5853432728956163,2.5853432728956163
876,2.5853432728956163,2.5853432728956163,2.5853432728956163,2.5853432728956163,2.5853432728956163,2.5853432728956163,2.5853432728956163
877,2.5853432728956163,2.5853432728956163,2.5853432728956163,2.5853432728956163,2.5853432728956163,2.5853432728956163,2.5853432728956163
878,2.5853432728956163,2.5853432728956163,2.5853432728956163,2.5853432728956163,2.5853432728956163,2.5853432728956163,2.5853432728956163
879,2.5853432728956163,2.5853432728956163,2.5853432728956163,2.5853432728956163,2.5853432728956163,2.5853432728956163,2.5853432728956163
880,2.5853432728956163,2.5853432728956163,2.5853432728956163,2.5853432728956163,2.5853432728956163,2.5853432728956163,2.5853432728956163
881,2.5853432728956163,2.5853432728956163,2.5853432728956163,2.5853432728956163,2.5853432728956163,2.5853432728956163,2.5853432728956163
882,2.5853432728956163,2.5853432728956163,2.5853432728956163,2.5853432728956163,2.5853432728956163,2.5853432728956163,2.5853432728956163
883,2.5853432728956163,2.5853432728956163,2.5853432728956163,2.5853432728956163,2.5853432728956163,2.5853432728956163,2.5853432728956163
884,2.5853432728956163,2.5853432728956163,2.5853432728956163,2.5853432728956163,2.5853432728956163,2.5853432728956163,2.5853432728956163
885,2.5853432728956163,2.5853432728956163,2.5853432728956163,2.5853432728956163,2.5853432728956163,2.5853432728956163,2.5853432728956163
886,2.5853432728956163,2.5853432728956163,2.5853432728956163,2.5853432728956163,2.5853432728956163,2.5853432728956163,2.5853432728956163
887,2.5853432728956163,2.5853432728956163,2.5853432728956163,2.5853432728956163,2.5853432728956163,2.5853432728956163,2.5853432728956163
888,2.5853432728956163,2.5853432728956163,2.5853432728956163,2.5853432728956163,2.5853432728956163,2.5853432728956163,2.5853432728956163
889,2.5853432728956163,2.5853432728956163,2.5853432728956163,2.5853432728956163,2.5853432728956163,2.5853432728956163,2.5853432728956163
890,2.5853432728956163,2.5853432728956163,2.5853432728956163,2.5853432728956163,2.5853432728956163,2.5853432728956163,2.5853432728956163
891,2.5853432728956163,2.5853432728956163,2.5853432728956163,2.5853432728956163,2.5853432728956163,2.5853432728956163,2.5853432728956163
892,2.5853432728956163,2.5853432728956163,2.5853432728956163,2.5853432728956163,2.5853432728956163,2.5853432728956163,2.5853432728956163
893,2.5853432728956163,2.5853432728956163,2.5853432728956163,2.5853432728956163,2.5853432728956163,2.5853432728956163,2.5853432728956163
894,2.5853432728956163,2.5853432728956163,2.5853432728956163,2.5853432728956163,2.5853432728956163,2.5853432728956163,2.5853432728956163
895,2.5853432728956163,2.5853432728956163,2.5853432728956163,2.5853432728956163,2.5853432728956163,2.5853432728956163,2.5853432728956163
896,2.5853432728956163,2.5853432728956163,2.5853432728956163,2.5853432728956163,2.5853432728956163,2.5853432728956163,2.5853432728956163
897,2.5853432728956163,2.5853432728956163,2.5853432728956163,2.5853432728956163,2.5853432728956163,2.5853432728956163,2.5853432728956163
898,2.5853432728956163,2.5853432728956163,2.5853432728956163,2.5853432728956163,2.5853432728956163,2.5853432728956163,2.5853432728956163
899,2.5853432728956163,2.5853432728956163,2.5853432728956163,2.5853432728956163,2.5853432728956163,2.5853432728956163,2.5853432728956163
900,2.5853432728956163,2.5853432728956163,2.5853432728956163,2.5853432728956163,2.5853432728956163,2.5853432728956163,2.5853432728956163
901,2.5853432728956163,2.5853432728956163,2.5853432728956163,2.5853432728956163,2.5853432728956163,2.5853432728956163,2.5853432728956163
902,2.5853432728956163,2.5853432728956163,2.5853432728956163,2.5853432728956163,2.5853432728956163,2.5853432728956163,2.5853432728956163
903,2.5853432728956163,2.5853432728956163,2.5853432728956163,2.5853432728956163,2.5853432728956163,2.5853432728956163,2.5853432728956163
904,2.5853432728956163,2.5853432728956163,2.5853432728956163,2.5853432728956163,2.5853432728956163,2.5853432728956163,2.5853432728956163
905,2.5853432728956163,2.5853432728956163,2.5853432728956163,2.5853432728956163,2.5853432728956163,2.5853432728956163,2.5853432728956163
906,2.5853432728956163,2.5853432728956163,2.5853432728956163,2.5853432728956163,2.5853432728956163,2.5853432728956163,2.5853432728956163
907,2.5853432728956163,2.5853432728956163,2.5853432728956163,2.5853432728956163,2.5853432728956163,2.5853432728956163,2.5853432728956163
908,2.5853432728956163,2.5853432728956163,2.5853432728956163,2.5853432728956163,2.5853432728956163,2.5853432728956163,2.5853432728956163
909,2.5853432728956163,2.5853432728956163,2.5853432728956163,2.5853432728956163,2.5853432728956163,2.5853432728956163,2.5853432728956163
910,2.5853432728956163,2.5853432728956163,2.5853432728956163,2.5853432728956163,2.5853432728956163,2.5853432728956163,2.5853432728956163
911,2.5853432728956163,2.5853432728956163,2.5853432728956163,2.5853432728956163,2.5853432728956163,2.5853432728956163,2.5853432728956163
912,2.5853432728956163,2.5853432728956163,2.5853432728956163,2.5853432728956163,2.5853432728956163,2.5853432728956163,2.5853432728956163
913,2.5853432728956163,2.5853432728956163,2.5853432728956163,2.5853432728956163,2.5853432728956163,2.5853432728956163,2.5853432728956163
914,2.5853432728956163,2.5853432728956163,2.5853432728956163,2.5853432728956163,2.5853432728956163,2.5853432728956163,2.5853432728956163
915,2.5853432728956163,2.5853432728956163,2.5853432728956163,2.5853432728956163,2.5853432728956163,2.5853432728956163,2.5853432728956163
916,2.5853432728956163,2.5853432728956163,2.5853432728956163,2.5853432728956163,2.5853432728956163,2.5853432728956163,2.5853432728956163
917,2.5853432728956163,2.5853432728956163,2.5853432728956163,2.5853432728956163,2.5853432728956163,2.5853432728956163,2.5853432728956163
918,2.5853432728956163,2.5853432728956163,2.5853432728956163,2.5853432728956163,2.5853432728956163,2.5853432728956163,2.5853432728956163
919,2.5853432728956163,2.5853432728956163,2.5853432728956163,2.5853432728956163,2.5853432728956163,2.5853432728956163,2.5853432728956163
920,2.5853432728956163,2.5853432728956163,2.5853432728956163,2.5853432728956163,2.5853432728956163,2.5853432728956163,2.5853432728956163
921,2.5853432728956163,2.5853432728956163,2.5853432728956163,2.5853432728956163,2.5853432728956163,2.5853432728956163,2.5853432728956163
922,2.5853432728956163,2.5853432728956163,2.5853432728956163,2.5853432728956163,2.5853432728956163,2.5853432728956163,2.5853432728956163
923,2.5853432728956163,2.5853432728956163,2.5853432728956163,2.5853432728956163,2.5853432728956163,2.5853432728956163,2.5853432728956163
924,2.5853432728956163,2.5853432728956163,2.5853432728956163,2.5853432728956163,2.5853432728956163,2.5853432728956163,2.5853432728956163
925,2.5853432728956163,2.5853432728956163,2.5853432728956163,2.5853432728956163,2.5853432728956163,2.5853432728956163,2.5853432728956163
926,2.5853432728956163,2.5853432728956163,2.5853432728956163,2.5853432728956163,2.5853432728956163,2.5853432728956163,2.5853432728956163
927,2.5853432728956163,2.5853432728956163,2.5853432728956163,2.5853432728956163,2.5853432728956163,2.5853432728956163,2.5853432728956163
928,2.5853432728956163,2.5853432728956163,2.5853432728956163,2.5853432728956163,2.5853432728956163,2.5853432728956163,2.5853432728956163
929,2.5853432728956163,2.5853432728956163,2.5853432728956163,2.5853432728956163,2.5853432728956163,2.5853432728956163,2.5853432728956163
930,2.5853432728956163,2.5853432728956163,2.5853432728956163,2.5853432728956163,2.5853432728956163,2.5853432728956163,2.5853432728956163
931,2.5853432728956163,2.5853432728956163,2.5853432728956163,2.5853432728956163,2.5853432728956163,2.5853432728956163,2.5853432728956163
932,2.5853432728956163,2.5853432728956163,2.5853432728956163,2.5853432728956163,2.5853432728956163,2.5853432728956163,2.5853432728956163
933,2.5853432728956163,2.5853432728956163,2.5853432728956163,2.5853432728956163,2.5853432728956163,2.5853432728956163,2.5853432728956163
934,2.5853432728956163,2.5853432728956163,2.5853432728956163,2.5853432728956163,2.5853432728956163,2.5853432728956163,2.5853432728956163
935,2.5853432728956163,2.5853432728956163,2.5853432728956163,2.5853432728956163,2.5853432728956163,2.5853432728956163,2.5853432728956163
936,2.5853432728956163,2.5853432728956163,2.5853432728956163,2.5853432728956163,2.5853432728956163,2.5853432728956163,2.5853432728956163
937,2.5853432728956163,2.5853432728956163,2.5853432728956163,2.5853432728956163,2.5853432728956163,2.5853432728956163,2.5853432728956163
938,2.5853432728956163,2.5853432728956163,2.5853432728956163,2.5853432728956163,2.5853432728956163,2.5853432728956163,2.5853432728956163
939,2.5853432728956163,2.5853432728956163,2.5853432728956163,2.5853432728956163,2.5853432728956163,2.5853432728956163,2.5853432728956163
940,2.5853432728956163,2.5853432728956163,2.5853432728956163,2.5853432728956163,2.5853432728956163,2.5853432728956163,2.5853432728956163
941,2.5853432728956163,2.5853432728956163,2.5853432728956163,2.5853432728956163,2.5853432728956163,2.5853432728956163,2.5853432728956163
942,2.5853432728956163,2.5853432728956163,2.5853432728956163,2.5853432728956163,2.5853432728956163,2.5853432728956163,2.5853432728956163
943,2.5853432728956163,2.5853432728956163,2.5853432728956163,2.5853432728956163,2.5853432728956163,2.5853432728956163,2.5853432728956163
944,2.5853432728956163,2.5853432728956163,2.5853432728956163,2.5853432728956163,2.5853432728956163,2.5853432728956163,2.5853432728956163
945,2.5853432728956163,2.5853432728956163,2.5853432728956163,2.5853432728956163,2.5853432728956163,2.5853432728956163,2.5853432728956163
946,2.5853432728956163,2.5853432728956163,2.5853432728956163,2.5853432728956163,2.5853432728956163,2.5853432728956163,2.5853432728956163
947,2.5853432728956163,2.5853432728956163,2.5853432728956163,2.5853432728956163,2.5853432728956163,2.5853432728956163,2.5853432728956163
948,2.5853432728956163,2.5853432728956163,2.5853432728956163,2.5853432728956163,2.5853432728956163,2.5853432728956163,2.5853432728956163
949,2.5853432728956163,2.5853432728956163,2.5853432728956163,2.5853432728956163,2.5853432728956163,2.5853432728956163,2.5853432728956163
950,2.5853432728956163,2.5853432728956163,2.5853432728956163,2.5853432728956163,2.5853432728956163,2.5853432728956163,2.5853432728956163
951,2.5853432728956163,2.5853432728956163,2.5853432728956163,2.5853432728956163,2.5853432728956163,2.5853432728956163,2.5853432728956163
952,2.5853432728956163,2.5853432728956163,2.5853432728956163,2.5853432728956163,2.5853432728956163,2.5853432728956163,2.5853432728956163
953,2.5853432728956163,2.5853432728956163,2.5853432728956163,2.5853432728956163,2.5853432728956163,2.5853432728956163,2.5853432728956163
954,2.5853432728956163,2.5853432728956163,2.5853432728956163,2.5853432728956163,2.5853432728956163,2.5853432728956163,2.5853432728956163
955,2.5853432728956163,2.5853432728956163,2.5853432728956163,2.5853432728956163,2.5853432728956163,2.5853432728956163,2.5853432728956163
956,2.5853432728956163,2.5853432728956163,2.5853432728956163,2.5853432728956163,2.5853432728956163,2.5853432728956163,2.5853432728956163
957,2.5853432728956163,2.5853432728956163,2.5853432728956163,2.5853432728956163,2.5853432728956163,2.5853432728956163,2.5853432728956163
958,2.5853432728956163,2.5853432728956163,2.5853432728956163,2.5853432728956163,2.5853432728956163,2.5853432728956163,2.5853432728956163
959,2.5853432728956163,2.5853432728956163,2.5853432728956163,2.5853432728956163,2.5853432728956163,2.5853432728956163,2.5853432728956163
960,2.5853432728956163,2.5853432728956163,2.5853432728956163,2.5853432728956163,2.5853432728956163,2.5853432728956163,2.5853432728956163
961,2.5853432728956163,2.5853432728956163,2.5853432728956163,2.5853432728956163,2.5853432728956163,2.5853432728956163,2.5853432728956163
962,2.5853432728956163,2.5853432728956163,2.5853432728956163,2.5853432728956163,2.5853432728956163,2.5853432728956163,2.5853432728956163
963,2.5853432728956163,2.5853432728956163,2.5853432728956163,2.5853432728956163,2.5853432728956163,2.5853432728956163,2.5853432728956163
964,2.5853432728956163,2.5853432728956163,2.5853432728956163,2.5853432728956163,2.5853432728956163,2.5853432728956163,2.5853432728956163
965,2.5853432728956163,2.5853432728956163,2.5853432728956163,2.5853432728956163,2.5853432728956163,2.5853432728956163,2.5853432728956163
966,2.5853432728956163,2.5853432728956163,2.5853432728956163,2.5853432728956163,2.5853432728956163,2.5853432728956163,2.5853432728956163
967,2.5853432728956163,2.5853432728956163,2.5853432728956163,2.5853432728956163,2.5853432728956163,2.5853432728956163,2.5853432728956163
968,2.5853432728956163,2.5853432728956163,2.5853432728956163,2.5853432728956163,2.5853432728956163,2.5853432728956163,2.5853432728956163
969,2.5853432728956163,2.5853432728956163,2.5853432728956163,2.5853432728956163,2.5853432728956163,2.5853432728956163,2.5853432728956163
970,2.5853432728956163,2.5853432728956163,2.5853432728956163,2.5853432728956163,2.5853432728956163,2.5853432728956163,2.5853432728956163
971,2.5853432728956163,2.5853432728956163,2.5853432728956163,2.5853432728956163,2.5853432728956163,2.5853432728956163,2.5853432728956163
972,2.5853432728956163,2.5853432728956163,2.5853432728956163,2.5853432728956163,2.5853432728956163,2.5853432728956163,2.5853432728956163
973,8.617810909652055,8.617810909652055,8.617810909652055,8.617810909652055,8.617810909652055,8.617810909652055,8.617810909652055
974,8.617810909652055,8.617810909652055,8.617810909652055,8.617810909652055,8.617810909652055,8.617810909652055,8.617810909652055
975,8.617810909652055,8.617810909652055,8.617810909652055,8.617810909652055,8.617810909652055,8.617810909652055,8.617810909652055
976,8.617810909652055,8.617810909652055,8.617810909652055,8.617810909652055,8.617810909652055,8.617810909652055,8.617810909652055
977,8.617810909652055,8.617810909652055,8.617810909652055,8.617810909652055,8.617810909652055,8.617810909652055,8.617810909652055
978,8.617810909652055,8.617810909652055,8.617810909652055,8.617810909652055,8.617810909652055,8.617810909652055,8.617810909652055
979,8.617810909652055,8.617810909652055,8.617810909652055,8.617810909652055,8.617810909652055,8.617810909652055,8.617810909652055
980,8.617810909652055,8.617810909652055,8.617810909652055,8.617810909652055,8.617810909652055,8.617810909652055,8.617810909652055
981,8.617810909652055,8.617810909652055,8.617810909652055,8.617810909652055,8.617810909652055,8.617810909652055,8.617810909652055
982,8.617810909652055,8.617810909652055,8.617810909652055,8.617810909652055,8.617810909652055,8.617810909652055,8.617810909652055
983,8.617810909652055,8.617810909652055,8.617810909652055,8.617810909652055,8.617810909652055,8.617810909652055,8.617810909652055
984,8.617810909652055,8.617810909652055,8.617810909652055,8.617810909652055,8.617810909652055,8.617810909652055,8.617810909652055
985,8.617810909652055,8.617810909652055,8.617810909652055,8.617810909652055,8.617810909652055,8.617810909652055,8.617810909652055
986,8.617810909652055,8.617810909652055,8.617810909652055,8.617810909652055,8.617810909652055,8.617810909652055,8.617810909652055
987,8.617810909652055,8.617810909652055,8.617810909652055,8.617810909652055,8.617810909652055,8.617810909652055,8.617810909652055
988,8.617810909652055,8.617810909652055,8.617810909652055,8.617810909652055,8.617810909652055,8.617810909652055,8.617810909652055
989,8.617810909652055,8.617810909652055,8.617810909652055,8.617810909652055,8.617810909652055,8.617810909652055,8.617810909652055
990,8.617810909652055,8.617810909652055,8.617810909652055,8.617810909652055,8.617810909652055,8.617810909652055,8.617810909652055
991,8.617810909652055,8.617810909652055,8.617810909652055,8.617810909652055,8.617810909652055,8.617810909652055,8.617810909652055
992,8.617810909652055,8.617810909652055,8.617810909652055,8.617810909652055,8.617810909652055,8.617810909652055,8.617810909652055
993,8.617810909652055,8.617810909652055,8.617810909652055,8.617810909652055,8.617810909652055,8.617810909652055,8.617810909652055
994,8.617810909652055,8.617810909652055,8.617810909652055,8.617810909652055,8.617810909652055,8.617810909652055,8.617810909652055
995,8.617810909652055,8.617810909652055,8.617810909652055,8.617810909652055,8.617810909652055,8.617810909652055,8.617810909652055
996,8.617810909652055,8.617810909652055,8.617810909652055,8.617810909652055,8.617810909652055,8.617810909652055,8.617810909652055
997,8.617810909652055,8.617810909652055,8.617810909652055,8.617810909652055,8.617810909652055,8.617810909652055,8.617810909652055
998,8.617810909652055,8.617810909652055,8.617810909652055,8.617810909652055,8.617810909652055,8.617810909652055,8.617810909652055
999,8.617810909652055,8.617810909652055,8.617810909652055,8.617810909652055,8.617810909652055,8.617810909652055,8.617810909652055
1000,8.617810909652055,8.617810909652055,8.617810909652055,8.617810909652055,8.617810909652055,8.617810909652055,8.617810909652055
1001,8.617810909652055,8.617810909652055,8.617810909652055,8.617810909652055,8.617810909652055,8.617810909652055,8.617810909652055
1002,8.617810909652055,8.617810909652055,8.617810909652055,8.617810909652055,8.617810909652055,8.617810909652055,8.617810909652055
1003,8.617810909652055,8.617810909652055,8.617810909652055,8.617810909652055,8.617810909652055,8.617810909652055,8.617810909652055
1004,8.617810909652055,8.617810909652055,8.617810909652055,8.617810909652055,8.617810909652055,8.617810909652055,8.617810909652055
1005,8.617810909652055,8.617810909652055,8.617810909652055,8.617810909652055,8.617810909652055,8.617810909652055,8.617810909652055
1006,8.617810909652055,8.617810909652055,8.617810909652055,8.617810909652055,8.617810909652055,8.617810909652055,8.617810909652055
1007,8.617810909652055,8.617810909652055,8.617810909652055,8.617810909652055,8.617810909652055,8.617810909652055,8.617810909652055
1008,8.617810909652055,8.617810909652055,8.617810909652055,8.617810909652055,8.617810909652055,8.617810909652055,8.617810909652055
1009,8.617810909652055,8.617810909652055,8.617810909652055,8.617810909652055,8.617810909652055,8.617810909652055,8.617810909652055
1010,8.617810909652055,8.617810909652055,8.617810909652055,8.617810909652055,8.617810909652055,8.617810909652055,8.617810909652055
1011,8.617810909652055,8.617810909652055,8.617810909652055,8.617810909652055,8.617810909652055,8.617810909652055,8.617810909652055
1012,8.617810909652055,8.617810909652055,8.617810909652055,8.617810909652055,8.617810909652055,8.617810909652055,8.617810909652055
1013,8.617810909652055,8.617810909652055,8.617810909652055,8.617810909652055,8.617810909652055,8.617810909652055,8.617810909652055
1014,8.617810909652055,8.617810909652055,8.617810909652055,8.617810909652055,8.617810909652055,8.617810909652055,8.617810909652055
1015,8.617810909652055,8.617810909652055,8.617810909652055,8.617810909652055,8.617810909652055,8.617810909652055,8.617810909652055
1016,8.617810909652055,8.617810909652055,8.617810909652055,8.617810909652055,8.617810909652055,8.617810909652055,8.617810909652055
1017,8.617810909652055,8.617810909652055,8.617810909652055,8.617810909652055,8.617810909652055,8.617810909652055,8.617810909652055
1018,8.617810909652055,8.617810909652055,8.617810909652055,8.617810909652055,8.617810909652055,8.617810909652055,8.617810909652055
1019,8.617810909652055,8.617810909652055,8.617810909652055,8.617810909652055,8.617810909652055,8.617810909652055,8.617810909652055
1020,8.617810909652055,8.617810909652055,8.617810909652055,8.617810909652055,8.617810909652055,8.617810909652055,8.617810909652055
1021,8.617810909652055,8.617810909652055,8.617810909652055,8.617810909652055,8.617810909652055,8.617810909652055,8.617810909652055
1022,8.617810909652055,8.617810909652055,8.617810909652055,8.617810909652055,8.617810909652055,8.617810909652055,8.617810909652055
1023,8.617810909652055,8.617810909652055,8.617810909652055,8.617810909652055,8.617810909652055,8.617810909652055,8.617810909652055
1024,8.617810909652055,8.617810909652055,8.617810909652055,8.617810909652055,8.617810909652055,8.617810909652055,8.617810909652055
1025,8.617810909652055,8.617810909652055,8.617810909652055,8.617810909652055,8.617810909652055,8.617810909652055,8.617810909652055
1026,8.617810909652055,8.617810909652055,8.617810909652055,8.617810909652055,8.617810909652055,8.617810909652055,8.617810909652055
1027,8.617810909652055,8.617810909652055,8.617810909652055,8.617810909652055,8.617810909652055,8.617810909652055,8.617810909652055
1028,8.617810909652055,8.617810909652055,8.617810909652055,8.617810909652055,8.617810909652055,8.617810909652055,8.617810909652055
1029,8.617810909652055,8.617810909652055,8.617810909652055,8.617810909652055,8.617810909652055,8.617810909652055,8.617810909652055
1030,8.617810909652055,8.617810909652055,8.617810909652055,8.617810909652055,8.617810909652055,8.617810909652055,8.617810909652055
1031,8.617810909652055,8.617810909652055,8.617810909652055,8.617810909652055,8.617810909652055,8.617810909652055,8.617810909652055
1032,8.617810909652055,8.617810909652055,8.617810909652055,8.617810909652055,8.617810909652055,8.617810909652055,8.617810909652055
1033,8.617810909652055,8.617810909652055,8.617810909652055,8.617810909652055,8.617810909652055,8.617810909652055,8.617810909652055
1034,8.617810909652055,8.617810909652055,8.617810909652055,8.617810909652055,8.617810909652055,8.617810909652055,8.617810909652055
1035,8.617810909652055,8.617810909652055,8.617810909652055,8.617810909652055,8.617810909652055,8.617810909652055,8.617810909652055
1036,8.617810909652055,8.617810909652055,8.617810909652055,8.617810909652055,8.617810909652055,8.617810909652055,8.617810909652055
1037,8.617810909652055,8.617810909652055,8.617810909652055,8.617810909652055,8.617810909652055,8.617810909652055,8.617810909652055
1038,8.617810909652055,8.617810909652055,8.617810909652055,8.617810909652055,8.617810909652055,8.617810909652055,8.617810909652055
1039,8.617810909652055,8.617810909652055,8.617810909652055,8.617810909652055,8.617810909652055,8.617810909652055,8.617810909652055
1040,8.617810909652055,8.617810909652055,8.617810909652055,8.617810909652055,8.617810909652055,8.617810909652055,8.617810909652055
1041,8.617810909652055,8.617810909652055,8.617810909652055,8.617810909652055,8.617810909652055,8.617810909652055,8.617810909652055
1042,8.617810909652055,8.617810909652055,8.617810909652055,8.617810909652055,8.617810909652055,8.617810909652055,8.617810909652055
1043,8.617810909652055,8.617810909652055,8.617810909652055,8.617810909652055,8.617810909652055,8.617810909652055,8.617810909652055
1044,8.617810909652055,8.617810909652055,8.617810909652055,8.617810909652055,8.617810909652055,8.617810909652055,8.617810909652055
1045,8.617810909652055,8.617810909652055,8.617810909652055,8.617810909652055,8.617810909652055,8.617810909652055,8.617810909652055
1046,8.617810909652055,8.617810909652055,8.617810909652055,8.617810909652055,8.617810909652055,8.617810909652055,8.617810909652055
1047,8.617810909652055,8.617810909652055,8.617810909652055,8.617810909652055,8.617810909652055,8.617810909652055,8.617810909652055
1048,8.617810909652055,8.617810909652055,8.617810909652055,8.617810909652055,8.617810909652055,8.617810909652055,8.617810909652055
1049,8.617810909652055,8.617810909652055,8.617810909652055,8.617810909652055,8.617810909652055,8.617810909652055,8.617810909652055
1050,8.617810909652055,8.617810909652055,8.617810909652055,8.617810909652055,8.617810909652055,8.617810909652055,8.617810909652055
1051,8.617810909652055,8.617810909652055,8.617810909652055,8.617810909652055,8.617810909652055,8.617810909652055,8.617810909652055
1052,8.617810909652055,8.617810909652055,8.617810909652055,8.617810909652055,8.617810909652055,8.617810909652055,8.617810909652055
1053,8.617810909652055,8.617810909652055,8.617810909652055,8.617810909652055,8.617810909652055,8.617810909652055,8.617810909652055
1054,8.617810909652055,8.617810909652055,8.617810909652055,8.617810909652055,8.617810909652055,8.617810909652055,8.617810909652055
1055,8.617810909652055,8.617810909652055,8.617810909652055,8.617810909652055,8.617810909652055,8.617810909652055,8.617810909652055
1056,8.617810909652055,8.617810909652055,8.617810909652055,8.617810909652055,8.617810909652055,8.617810909652055,8.617810909652055
1057,8.617810909652055,8.617810909652055,8.617810909652055,8.617810909652055,8.617810909652055,8.617810909652055,8.617810909652055
1058,8.617810909652055,8.617810909652055,8.617810909652055,8.617810909652055,8.617810909652055,8.617810909652055,8.617810909652055
1059,8.617810909652055,8.617810909652055,8.617810909652055,8.617810909652055,8.617810909652055,8.617810909652055,8.617810909652055
1060,8.617810909652055,8.617810909652055,8.617810909652055,8.617810909652055,8.617810909652055,8.617810909652055,8.617810909652055
1061,8.617810909652055,8.617810909652055,8.617810909652055,8.617810909652055,8.617810909652055,8.617810909652055,8.617810909652055
1062,8.617810909652055,8.617810909652055,8.617810909652055,8.617810909652055,8.617810909652055,8.617810909652055,8.617810909652055
1063,8.617810909652055,8.617810909652055,8.617810909652055,8.617810909652055,8.617810909652055,8.617810909652055,8.617810909652055
1064,8.617810909652055,8.617810909652055,8.617810909652055,8.617810909652055,8.617810909652055,8.617810909652055,8.617810909652055
1065,8.617810909652055,8.617810909652055,8.617810909652055,8.617810909652055,8.617810909652055,8.617810909652055,8.617810909652055
1066,8.617810909652055,8.617810909652055,8.617810909652055,8.617810909652055,8.617810909652055,8.617810909652055,8.617810909652055
1067,8.617810909652055,8.617810909652055,8.617810909652055,8.617810909652055,8.617810909652055,8.617810909652055,8.617810909652055
1068,8.617810909652055,8.617810909652055,8.617810909652055,8.617810909652055,8.617810909652055,8.617810909652055,8.617810909652055
1069,8.617810909652055,8.617810909652055,8.617810909652055,8.617810909652055,8.617810909652055,8.617810909652055,8.617810909652055
1070,8.617810909652055,8.617810909652055,8.617810909652055,8.617810909652055,8.617810909652055,8.617810909652055,8.617810909652055
1071,8.617810909652055,8.617810909652055,8.617810909652055,8.617810909652055,8.617810909652055,8.617810909652055,8.617810909652055
1072,8.617810909652055,8.617810909652055,8.617810909652055,8.617810909652055,8.617810909652055,8.617810909652055,8.617810909652055
1073,8.617810909652055,8.617810909652055,8.617810909652055,8.617810909652055,8.617810909652055,8.617810909652055,8.617810909652055
1074,8.617810909652055,8.617810909652055,8.617810909652055,8.617810909652055,8.617810909652055,8.617810909652055,8.617810909652055
1075,8.617810909652055,8.617810909652055,8.617810909652055,8.617810909652055,8.617810909652055,8.617810909652055,8.617810909652055
1076,8.617810909652055,8.617810909652055,8.617810909652055,8.617810909652055,8.617810909652055,8.617810909652055,8.617810909652055
1077,8.617810909652055,8.617810909652055,8.617810909652055,8.617810909652055,8.617810909652055,8.617810909652055,8.617810909652055
1078,8.617810909652055,8.617810909652055,8.617810909652055,8.617810909652055,8.617810909652055,8.617810909652055,8.617810909652055
1079,8.617810909652055,8.617810909652055,8.617810909652055,8.617810909652055,8.617810909652055,8.617810909652055,8.617810909652055
1080,8.617810909652055,8.617810909652055,8.617810909652055,8.617810909652055,8.617810909652055,8.617810909652055,8.617810909652055
1081,8.617810909652055,8.617810909652055,8.617810909652055,8.617810909652055,8.617810909652055,8.617810909652055,8.617810909652055
1082,8.617810909652055,8.617810909652055,8.617810909652055,8.617810909652055,8.617810909652055,8.617810909652055,8.617810909652055
1083,8.617810909652055,8.617810909652055,8.617810909652055,8.617810909652055,8.617810909652055,8.617810909652055,8.617810909652055
1084,8.617810909652055,8.617810909652055,8.617810909652055,8.617810909652055,8.617810909652055,8.617810909652055,8.617810909652055
1085,8.617810909652055,8.617810909652055,8.617810909652055,8.617810909652055,8.617810909652055,8.617810909652055,8.617810909652055
1086,8.617810909652055,8.617810909652055,8.617810909652055,8.617810909652055,8.617810909652055,8.617810909652055,8.617810909652055
1087,8.617810909652055,8.617810909652055,8.617810909652055,8.617810909652055,8.617810909652055,8.617810909652055,8.617810909652055
1088,8.617810909652055,8.617810909652055,8.617810909652055,8.617810909652055,8.617810909652055,8.617810909652055,8.617810909652055
1089,8.617810909652055,8.617810909652055,8.617810909652055,8.617810909652055,8.617810909652055,8.617810909652055,8.617810909652055
1090,8.617810909652055,8.617810909652055,8.617810909652055,8.617810909652055,8.617810909652055,8.617810909652055,8.617810909652055
1091,8.617810909652055,8.617810909652055,8.617810909652055,8.617810909652055,8.617810909652055,8.617810909652055,8.617810909652055
1092,8.617810909652055,8.617810909652055,8.617810909652055,8.617810909652055,8.617810909652055,8.617810909652055,8.617810909652055
1093,8.617810909652055,8.617810909652055,8.617810909652055,8.617810909652055,8.617810909652055,8.617810909652055,8.617810909652055
1094,8.617810909652055,8.617810909652055,8.617810909652055,8.617810909652055,8.617810909652055,8.617810909652055,8.617810909652055
1095,2.591726172542807,2.591726172542807,2.591726172542807,2.591726172542807,2.591726172542807,2.591726172542807,2.591726172542807
1096,2.591726172542807,2.591726172542807,2.591726172542807,2.591726172542807,2.591726172542807,2.591726172542807,2.591726172542807
1097,2.591726172542807,2.591726172542807,2.591726172542807,2.591726172542807,2.591726172542807,2.591726172542807,2.591726172542807
1098,2.591726172542807,2.591726172542807,2.591726172542807,2.591726172542807,2.591726172542807,2.591726172542807,2.591726172542807
1099,2.591726172542807,2.591726172542807,2.591726172542807,2.591726172542807,2.591726172542807,2.591726172542807,2.591726172542807
1100,2.591726172542807,2.591726172542807,2.591726172542807,2.591726172542807,2.591726172542807,2.591726172542807,2.591726172542807
1101,2.591726172542807,2.591726172542807,2.591726172542807,2.591726172542807,2.591726172542807,2.591726172542807,2.591726172542807
1102,2.591726172542807,2.591726172542807,2.591726172542807,2.591726172542807,2.591726172542807,2.591726172542807,2.591726172542807
1103,2.591726172542807,2.591726172542807,2.591726172542807,2.591726172542807,2.591726172542807,2.591726172542807,2.591726172542807
1104,2.591726172542807,2.591726172542807,2.591726172542807,2.591726172542807,2.591726172542807,2.591726172542807,2.591726172542807
1105,2.591726172542807,2.591726172542807,2.591726172542807,2.591726172542807,2.591726172542807,2.591726172542807,2.591726172542807
1106,2.591726172542807,2.591726172542807,2.591726172542807,2.591726172542807,2.591726172542807,2.591726172542807,2.591726172542807
1107,2.591726172542807,2.591726172542807,2.591726172542807,2.591726172542807,2.591726172542807,2.591726172542807,2.591726172542807
1108,2.591726172542807,2.591726172542807,2.591726172542807,2.591726172542807,2.591726172542807,2.591726172542807,2.591726172542807
1109,2.591726172542807,2.591726172542807,2.591726172542807,2.591726172542807,2.591726172542807,2.591726172542807,2.591726172542807
1110,2.591726172542807,2.591726172542807,2.591726172542807,2.591726172542807,2.591726172542807,2.591726172542807,2.591726172542807
1111,2.591726172542807,2.591726172542807,2.591726172542807,2.591726172542807,2.591726172542807,2.591726172542807,2.591726172542807
1112,2.591726172542807,2.591726172542807,2.591726172542807,2.591726172542807,2.591726172542807,2.591726172542807,2.591726172542807
1113,2.591726172542807,2.591726172542807,2.591726172542807,2.591726172542807,2.591726172542807,2.591726172542807,2.591726172542807
1114,2.591726172542807,2.591726172542807,2.591726172542807,2.591726172542807,2.591726172542807,2.591726172542807,2.591726172542807
1115,2.591726172542807,2.591726172542807,2.591726172542807,2.591726172542807,2.591726172542807,2.591726172542807,2.591726172542807
1116,2.591726172542807,2.591726172542807,2.591726172542807,2.591726172542807,2.591726172542807,2.591726172542807,2.591726172542807
1117,2.591726172542807,2.591726172542807,2.591726172542807,2.591726172542807,2.591726172542807,2.591726172542807,2.591726172542807
1118,2.591726172542807,2.591726172542807,2.591726172542807,2.591726172542807,2.591726172542807,2.591726172542807,2.591726172542807
1119,2.591726172542807,2.591726172542807,2.591726172542807,2.591726172542807,2.591726172542807,2.591726172542807,2.591726172542807
1120,2.591726172542807,2.591726172542807,2.591726172542807,2.591726172542807,2.591726172542807,2.591726172542807,2.591726172542807
1121,2.591726172542807,2.591726172542807,2.591726172542807,2.591726172542807,2.591726172542807,2.591726172542807,2.591726172542807
1122,2.591726172542807,2.591726172542807,2.591726172542807,2.591726172542807,2.591726172542807,2.591726172542807,2.591726172542807
1123,2.591726172542807,2.591726172542807,2.591726172542807,2.591726172542807,2.591726172542807,2.591726172542807,2.591726172542807
1124,2.591726172542807,2.591726172542807,2.591726172542807,2.591726172542807,2.591726172542807,2.591726172542807,2.591726172542807
1125,2.591726172542807,2.591726172542807,2.591726172542807,2.591726172542807,2.591726172542807,2.591726172542807,2.591726172542807
1126,2.591726172542807,2.591726172542807,2.591726172542807,2.591726172542807,2.591726172542807,2.591726172542807,2.591726172542807
1127,2.591726172542807,2.591726172542807,2.591726172542807,2.591726172542807,2.591726172542807,2.591726172542807,2.591726172542807
1128,2.591726172542807,2.591726172542807,2.591726172542807,2.591726172542807,2.591726172542807,2.591726172542807,2.591726172542807
1129,2.591726172542807,2.591726172542807,2.591726172542807,2.591726172542807,2.591726172542807,2.591726172542807,2.591726172542807
1130,2.591726172542807,2.591726172542807,2.591726172542807,2.591726172542807,2.591726172542807,2.591726172542807,2.591726172542807
1131,2.591726172542807,2.591726172542807,2.591726172542807,2.591726172542807,2.591726172542807,2.591726172542807,2.591726172542807
1132,2.591726172542807,2.591726172542807,2.591726172542807,2.591726172542807,2.591726172542807,2.591726172542807,2.591726172542807
1133,2.591726172542807,2.591726172542807,2.591726172542807,2.591726172542807,2.591726172542807,2.591726172542807,2.591726172542807
1134,2.591726172542807,2.591726172542807,2.591726172542807,2.591726172542807,2.591726172542807,2.591726172542807,2.591726172542807
1135,2.591726172542807,2.591726172542807,2.591726172542807,2.591726172542807,2.591726172542807,2.591726172542807,2.591726172542807
1136,2.591726172542807,2.591726172542807,2.591726172542807,2.591726172542807,2.591726172542807,2.591726172542807,2.591726172542807
1137,2.591726172542807,2.591726172542807,2.591726172542807,2.591726172542807,2.591726172542807,2.591726172542807,2.591726172542807
1138,2.591726172542807,2.591726172542807,2.591726172542807,2.591726172542807,2.591726172542807,2.591726172542807,2.591726172542807
1139,2.591726172542807,2.591726172542807,2.591726172542807,2.591726172542807,2.591726172542807,2.591726172542807,2.591726172542807
1140,2.591726172542807,2.591726172542807,2.591726172542807,2.591726172542807,2.591726172542807,2.591726172542807,2.591726172542807
1141,2.591726172542807,2.591726172542807,2.591726172542807,2.591726172542807,2.591726172542807,2.591726172542807,2.591726172542807
1142,2.591726172542807,2.591726172542807,2.591726172542807,2.591726172542807,2.591726172542807,2.591726172542807,2.591726172542807
1143,2.591726172542807,2.591726172542807,2.591726172542807,2.591726172542807,2.591726172542807,2.591726172542807,2.591726172542807
1144,2.591726172542807,2.591726172542807,2.591726172542807,2.591726172542807,2.591726172542807,2.591726172542807,2.591726172542807
1145,2.591726172542807,2.591726172542807,2.591726172542807,2.591726172542807,2.591726172542807,2.591726172542807,2.591726172542807
1146,2.591726172542807,2.591726172542807,2.591726172542807,2.591726172542807,2.591726172542807,2.591726172542807,2.591726172542807
1147,2.591726172542807,2.591726172542807,2.591726172542807,2.591726172542807,2.591726172542807,2.591726172542807,2.591726172542807
1148,2.591726172542807,2.591726172542807,2.591726172542807,2.591726172542807,2.591726172542807,2.591726172542807,2.591726172542807
1149,2.591726172542807,2.591726172542807,2.591726172542807,2.591726172542807,2.591726172542807,2.591726172542807,2.591726172542807
1150,2.591726172542807,2.591726172542807,2.591726172542807,2.591726172542807,2.591726172542807,2.591726172542807,2.591726172542807
1151,2.591726172542807,2.591726172542807,2.591726172542807,2.591726172542807,2.591726172542807,2.591726172542807,2.591726172542807
1152,2.591726172542807,2.591726172542807,2.591726172542807,2.591726172542807,2.591726172542807,2.591726172542807,2.591726172542807
1153,2.591726172542807,2.591726172542807,2.591726172542807,2.591726172542807,2.591726172542807,2.591726172542807,2.591726172542807
1154,2.591726172542807,2.591726172542807,2.591726172542807,2.591726172542807,2.591726172542807,2.591726172542807,2.591726172542807
1155,2.591726172542807,2.591726172542807,2.591726172542807,2.591726172542807,2.591726172542807,2.591726172542807,2.591726172542807
1156,2.591726172542807,2.591726172542807,2.591726172542807,2.591726172542807,2.591726172542807,2.591726172542807,2.591726172542807
1157,2.591726172542807,2.591726172542807,2.591726172542807,2.591726172542807,2.591726172542807,2.591726172542807,2.591726172542807
1158,2.591726172542807,2.591726172542807,2.591726172542807,2.591726172542807,2.591726172542807,2.591726172542807,2.591726172542807
1159,2.591726172542807,2.591726172542807,2.591726172542807,2.591726172542807,2.591726172542807,2.591726172542807,2.591726172542807
1160,2.591726172542807,2.591726172542807,2.591726172542807,2.591726172542807,2.591726172542807,2.591726172542807,2.591726172542807
1161,2.591726172542807,2.591726172542807,2.591726172542807,2.591726172542807,2.591726172542807,2.591726172542807,2.591726172542807
1162,2.591726172542807,2.591726172542807,2.591726172542807,2.591726172542807,2.591726172542807,2.591726172542807,2.591726172542807
1163,2.591726172542807,2.591726172542807,2.591726172542807,2.591726172542807,2.591726172542807,2.591726172542807,2.591726172542807
1164,2.591726172542807,2.591726172542807,2.591726172542807,2.591726172542807,2.591726172542807,2.591726172542807,2.591726172542807
1165,2.591726172542807,2.591726172542807,2.591726172542807,2.591726172542807,2.591726172542807,2.591726172542807,2.591726172542807
1166,2.591726172542807,2.591726172542807,2.591726172542807,2.591726172542807,2.591726172542807,2.591726172542807,2.591726172542807
1167,2.591726172542807,2.591726172542807,2.591726172542807,2.591726172542807,2.591726172542807,2.591726172542807,2.591726172542807
1168,2.591726172542807,2.591726172542807,2.591726172542807,2.591726172542807,2.591726172542807,2.591726172542807,2.591726172542807
1169,2.591726172542807,2.591726172542807,2.591726172542807,2.591726172542807,2.591726172542807,2.591726172542807,2.591726172542807
1170,2.591726172542807,2.591726172542807,2.591726172542807,2.591726172542807,2.591726172542807,2.591726172542807,2.591726172542807
1171,2.591726172542807,2.591726172542807,2.591726172542807,2.591726172542807,2.591726172542807,2.591726172542807,2.591726172542807
1172,2.591726172542807,2.591726172542807,2.591726172542807,2.591726172542807,2.591726172542807,2.591726172542807,2.591726172542807
1173,2.591726172542807,2.591726172542807,2.591726172542807,2.591726172542807,2.591726172542807,2.591726172542807,2.591726172542807
1174,2.591726172542807,2.591726172542807,2.591726172542807,2.591726172542807,2.591726172542807,2.591726172542807,2.591726172542807
1175,2.591726172542807,2.591726172542807,2.591726172542807,2.591726172542807,2.591726172542807,2.591726172542807,2.591726172542807
1176,2.591726172542807,2.591726172542807,2.591726172542807,2.591726172542807,2.591726172542807,2.591726172542807,2.591726172542807
1177,2.591726172542807,2.591726172542807,2.591726172542807,2.591726172542807,2.591726172542807,2.591726172542807,2.591726172542807
1178,2.591726172542807,2.591726172542807,2.591726172542807,2.591726172542807,2.591726172542807,2.591726172542807,2.591726172542807
1179,2.591726172542807,2.591726172542807,2.591726172542807,2.591726172542807,2.591726172542807,2.591726172542807,2.591726172542807
1180,2.591726172542807,2.591726172542807,2.591726172542807,2.591726172542807,2.591726172542807,2.591726172542807,2.591726172542807
1181,2.591726172542807,2.591726172542807,2.591726172542807,2.591726172542807,2.591726172542807,2.591726172542807,2.591726172542807
1182,2.591726172542807,2.591726172542807,2.591726172542807,2.591726172542807,2.591726172542807,2.591726172542807,2.591726172542807
1183,2.591726172542807,2.591726172542807,2.591726172542807,2.591726172542807,2.591726172542807,2.591726172542807,2.591726172542807
1184,2.591726172542807,2.591726172542807,2.591726172542807,2.591726172542807,2.591726172542807,2.591726172542807,2.591726172542807
1185,2.591726172542807,2.591726172542807,2.591726172542807,2.591726172542807,2.591726172542807,2.591726172542807,2.591726172542807
1186,2.591726172542807,2.591726172542807,2.591726172542807,2.591726172542807,2.591726172542807,2.591726172542807,2.591726172542807
1187,2.591726172542807,2.591726172542807,2.591726172542807,2.591726172542807,2.591726172542807,2.591726172542807,2.591726172542807
1188,2.591726172542807,2.591726172542807,2.591726172542807,2.591726172542807,2.591726172542807,2.591726172542807,2.591726172542807
1189,2.591726172542807,2.591726172542807,2.591726172542807,2.591726172542807,2.591726172542807,2.591726172542807,2.591726172542807
1190,2.591726172542807,2.591726172542807,2.591726172542807,2.591726172542807,2.591726172542807,2.591726172542807,2.591726172542807
1191,2.591726172542807,2.591726172542807,2.591726172542807,2.591726172542807,2.591726172542807,2.591726172542807,2.591726172542807
1192,2.591726172542807,2.591726172542807,2.591726172542807,2.591726172542807,2.591726172542807,2.591726172542807,2.591726172542807
1193,2.591726172542807,2.591726172542807,2.591726172542807,2.591726172542807,2.591726172542807,2.591726172542807,2.591726172542807
1194,2.591726172542807,2.591726172542807,2.591726172542807,2.591726172542807,2.591726172542807,2.591726172542807,2.591726172542807
1195,2.591726172542807,2.591726172542807,2.591726172542807,2.591726172542807,2.591726172542807,2.591726172542807,2.591726172542807
1196,2.591726172542807,2.591726172542807,2.591726172542807,2.591726172542807,2.591726172542807,2.591726172542807,2.591726172542807
1197,2.591726172542807,2.591726172542807,2.591726172542807,2.591726172542807,2.591726172542807,2.591726172542807,2.591726172542807
1198,2.591726172542807,2.591726172542807,2.591726172542807,2.591726172542807,2.591726172542807,2.591726172542807,2.591726172542807
1199,2.591726172542807,2.591726172542807,2.591726172542807,2.591726172542807,2.591726172542807,2.591726172542807,2.591726172542807
1200,2.591726172542807,2.591726172542807,2.591726172542807,2.591726172542807,2.591726172542807,2.591726172542807,2.591726172542807
1201,2.591726172542807,2.591726172542807,2.591726172542807,2.591726172542807,2.591726172542807,2.591726172542807,2.591726172542807
1202,2.591726172542807,2.591726172542807,2.591726172542807,2.591726172542807,2.591726172542807,2.591726172542807,2.591726172542807
1203,2.591726172542807,2.591726172542807,2.591726172542807,2.591726172542807,2.591726172542807,2.591726172542807,2.591726172542807
1204,2.591726172542807,2.591726172542807,2.591726172542807,2.591726172542807,2.591726172542807,2.591726172542807,2.591726172542807
1205,2.591726172542807,2.591726172542807,2.591726172542807,2.591726172542807,2.591726172542807,2.591726172542807,2.591726172542807
1206,2.591726172542807,2.591726172542807,2.591726172542807,2.591726172542807,2.591726172542807,2.591726172542807,2.591726172542807
1207,2.591726172542807,2.591726172542807,2.591726172542807,2.591726172542807,2.591726172542807,2.591726172542807,2.591726172542807
1208,2.591726172542807,2.591726172542807,2.591726172542807,2.591726172542807,2.591726172542807,2.591726172542807,2.591726172542807
1209,2.591726172542807,2.591726172542807,2.591726172542807,2.591726172542807,2.591726172542807,2.591726172542807,2.591726172542807
1210,2.591726172542807,2.591726172542807,2.591726172542807,2.591726172542807,2.591726172542807,2.591726172542807,2.591726172542807
1211,2.591726172542807,2.591726172542807,2.591726172542807,2.591726172542807,2.591726172542807,2.591726172542807,2.591726172542807
1212,2.591726172542807,2.591726172542807,2.591726172542807,2.591726172542807,2.591726172542807,2.591726172542807,2.591726172542807
1213,2.591726172542807,2.591726172542807,2.591726172542807,2.591726172542807,2.591726172542807,2.591726172542807,2.591726172542807
1214,2.591726172542807,2.591726172542807,2.591726172542807,2.591726172542807,2.591726172542807,2.591726172542807,2.591726172542807
1215,2.591726172542807,2.591726172542807,2.591726172542807,2.591726172542807,2.591726172542807,2.591726172542807,2.591726172542807
1216,2.591726172542807,2.591726172542807,2.591726172542807,2.591726172542807,2.591726172542807,2.591726172542807,2.591726172542807
1217,2.591726172542807,2.591726172542807,2.591726172542807,2.591726172542807,2.591726172542807,2.591726172542807,2.591726172542807
1218,2.591726172542807,2.591726172542807,2.591726172542807,2.591726172542807,2.591726172542807,2.591726172542807,2.591726172542807
1219,2.591726172542807,2.591726172542807,2.591726172542807,2.591726172542807,2.591726172542807,2.591726172542807,2.591726172542807
1220,2.591726172542807,2.591726172542807,2.591726172542807,2.591726172542807,2.591726172542807,2.591726172542807,2.591726172542807
1221,2.591726172542807,2.591726172542807,2.591726172542807,2.591726172542807,2.591726172542807,2.591726172542807,2.591726172542807
1222,2.591726172542807,2.591726172542807,2.591726172542807,2.591726172542807,2.591726172542807,2.591726172542807,2.591726172542807
1223,2.591726172542807,2.591726172542807,2.591726172542807,2.591726172542807,2.591726172542807,2.591726172542807,2.591726172542807
1224,2.591726172542807,2.591726172542807,2.591726172542807,2.591726172542807,2.591726172542807,2.591726172542807,2.591726172542807
1225,2.591726172542807,2.591726172542807,2.591726172542807,2.591726172542807,2.591726172542807,2.591726172542807,2.591726172542807
1226,2.591726172542807,2.591726172542807,2.591726172542807,2.591726172542807,2.591726172542807,2.591726172542807,2.591726172542807
1227,2.591726172542807,2.591726172542807,2.591726172542807,2.591726172542807,2.591726172542807,2.591726172542807,2.591726172542807
1228,2.591726172542807,2.591726172542807,2.591726172542807,2.591726172542807,2.591726172542807,2.591726172542807,2.591726172542807
1229,2.591726172542807,2.591726172542807,2.591726172542807,2.591726172542807,2.591726172542807,2.591726172542807,2.591726172542807
1230,2.591726172542807,2.591726172542807,2.591726172542807,2.591726172542807,2.591726172542807,2.591726172542807,2.591726172542807
1231,2.591726172542807,2.591726172542807,2.591726172542807,2.591726172542807,2.591726172542807,2.591726172542807,2.591726172542807
1232,2.591726172542807,2.591726172542807,2.591726172542807,2.591726172542807,2.591726172542807,2.591726172542807,2.591726172542807
1233,2.591726172542807,2.591726172542807,2.591726172542807,2.591726172542807,2.591726172542807,2.591726172542807,2.591726172542807
1234,2.591726172542807,2.591726172542807,2.591726172542807,2.591726172542807,2.591726172542807,2.591726172542807,2.591726172542807
1235,2.591726172542807,2.591726172542807,2.591726172542807,2.591726172542807,2.591726172542807,2.591726172542807,2.591726172542807
1236,2.591726172542807,2.591726172542807,2.591726172542807,2.591726172542807,2.591726172542807,2.591726172542807,2.591726172542807
1237,2.591726172542807,2.591726172542807,2.591726172542807,2.591726172542807,2.591726172542807,2.591726172542807,2.591726172542807
1238,2.591726172542807,2.591726172542807,2.591726172542807,2.591726172542807,2.591726172542807,2.591726172542807,2.591726172542807
1239,3.1529933147699434,3.1529933147699434,3.1529933147699434,3.1529933147699434,3.1529933147699434,3.1529933147699434,3.1529933147699434
1240,210.1437887067365,210.1437887067365,210.1437887067365,210.1437887067365,210.1437887067365,210.1437887067365,210.1437887067365
1241,320.3786517260322,320.3786517260322,320.3786517260322,320.3786517260322,320.3786517260322,320.3786517260322,320.3786517260322
1242,431.3510271598963,431.3510271598963,431.3510271598963,431.3510271598963,431.3510271598963,431.3510271598963,431.3510271598963
1243,482.03542594263104,482.03542594263104,482.03542594263104,482.03542594263104,482.03542594263104,482.03542594263104,482.03542594263104
1244,537.3044110702822,537.3044110702822,537.3044110702822,537.3044110702822,537.3044110702822,537.3044110702822,537.3044110702822
1245,551.6388921468242,551.6388921468242,551.6388921468242,551.6388921468242,551.6388921468242,551.6388921468242,551.6388921468242
1246,199.7697876797501,199.7697876797501,199.7697876797501,199.7697876797501,199.7697876797501,199.7697876797501,199.7697876797501
1247,2.591726172542807,2.591726172542807,2.591726172542807,2.591726172542807,2.591726172542807,2.591726172542807,2.591726172542807
1248,2.591726172542807,2.591726172542807,2.591726172542807,2.591726172542807,2.591726172542807,2.591726172542807,2.591726172542807
1249,2.591726172542807,2.591726172542807,2.591726172542807,2.591726172542807,2.591726172542807,2.591726172542807,2.591726172542807
1250,2.591726172542807,2.591726172542807,2.591726172542807,2.591726172542807,2.591726172542807,2.591726172542807,2.591726172542807
1251,2.591726172542807,2.591726172542807,2.591726172542807,2.591726172542807,2.591726172542807,2.591726172542807,2.591726172542807
1252,2.591726172542807,2.591726172542807,2.591726172542807,2.591726172542807,2.591726172542807,2.591726172542807,2.591726172542807
1253,2.591726172542807,2.591726172542807,2.591726172542807,2.591726172542807,2.591726172542807,2.591726172542807,2.591726172542807
1254,2.591726172542807,2.591726172542807,2.591726172542807,2.591726172542807,2.591726172542807,2.591726172542807,2.591726172542807
1255,2.591726172542807,2.591726172542807,2.591726172542807,2.591726172542807,2.591726172542807,2.591726172542807,2.591726172542807
1256,2.591726172542807,2.591726172542807,2.591726172542807,2.591726172542807,2.591726172542807,2.591726172542807,2.591726172542807
1257,2.591726172542807,2.591726172542807,2.591726172542807,2.591726172542807,2.591726172542807,2.591726172542807,2.591726172542807
1258,2.591726172542807,2.591726172542807,2.591726172542807,2.591726172542807,2.591726172542807,2.591726172542807,2.591726172542807
1259,2.591726172542807,2.591726172542807,2.591726172542807,2.591726172542807,2.591726172542807,2.591726172542807,2.591726172542807
1260,2.591726172542807,2.591726172542807,2.591726172542807,2.591726172542807,2.591726172542807,2.591726172542807,2.591726172542807
1261,2.591726172542807,2.591726172542807,2.591726172542807,2.591726172542807,2.591726172542807,2.591726172542807,2.591726172542807
1262,2.591726172542807,2.591726172542807,2.591726172542807,2.591726172542807,2.591726172542807,2.591726172542807,2.591726172542807
1263,2.591726172542807,2.591726172542807,2.591726172542807,2.591726172542807,2.591726172542807,2.591726172542807,2.591726172542807
1264,2.591726172542807,2.591726172542807,2.591726172542807,2.591726172542807,2.591726172542807,2.591726172542807,2.591726172542807
1265,2.591726172542807,2.591726172542807,2.591726172542807,2.591726172542807,2.591726172542807,2.591726172542807,2.591726172542807
1266,2.591726172542807,2.591726172542807,2.591726172542807,2.591726172542807,2.591726172542807,2.591726172542807,2.591726172542807
1267,2.591726172542807,2.591726172542807,2.591726172542807,2.591726172542807,2.591726172542807,2.591726172542807,2.591726172542807
1268,2.591726172542807,2.591726172542807,2.591726172542807,2.591726172542807,2.591726172542807,2.591726172542807,2.591726172542807
1269,2.591726172542807,2.591726172542807,2.591726172542807,2.591726172542807,2.591726172542807,2.591726172542807,2.591726172542807
1270,2.591726172542807,2.591726172542807,2.591726172542807,2.591726172542807,2.591726172542807,2.591726172542807,2.591726172542807
1271,2.591726172542807,2.591726172542807,2.591726172542807,2.591726172542807,2.591726172542807,2.591726172542807,2.591726172542807
1272,2.591726172542807,2.591726172542807,2.591726172542807,2.591726172542807,2.591726172542807,2.591726172542807,2.591726172542807
1273,2.591726172542807,2.591726172542807,2.591726172542807,2.591726172542807,2.591726172542807,2.591726172542807,2.591726172542807
1274,2.591726172542807,2.591726172542807,2.591726172542807,2.591726172542807,2.591726172542807,2.591726172542807,2.591726172542807
1275,2.591726172542807,2.591726172542807,2.591726172542807,2.591726172542807,2.591726172542807,2.591726172542807,2.591726172542807
1276,2.591726172542807,2.591726172542807,2.591726172542807,2.591726172542807,2.591726172542807,2.591726172542807,2.591726172542807
1277,2.591726172542807,2.591726172542807,2.591726172542807,2.591726172542807,2.591726172542807,2.591726172542807,2.591726172542807
1278,2.591726172542807,2.591726172542807,2.591726172542807,2.591726172542807,2.591726172542807,2.591726172542807,2.591726172542807
1279,2.591726172542807,2.591726172542807,2.591726172542807,2.591726172542807,2.591726172542807,2.591726172542807,2.591726172542807
1280,2.591726172542807,2.591726172542807,2.591726172542807,2.591726172542807,2.591726172542807,2.591726172542807,2.591726172542807
1281,2.591726172542807,2.591726172542807,2.591726172542807,2.591726172542807,2.591726172542807,2.591726172542807,2.591726172542807
1282,2.591726172542807,2.591726172542807,2.591726172542807,2.591726172542807,2.591726172542807,2.591726172542807,2.591726172542807
1283,2.591726172542807,2.591726172542807,2.591726172542807,2.591726172542807,2.591726172542807,2.591726172542807,2.591726172542807
1284,2.591726172542807,2.591726172542807,2.591726172542807,2.591726172542807,2.591726172542807,2.591726172542807,2.591726172542807
1285,2.591726172542807,2.591726172542807,2.591726172542807,2.591726172542807,2.591726172542807,2.591726172542807,2.591726172542807
1286,2.591726172542807,2.591726172542807,2.591726172542807,2.591726172542807,2.591726172542807,2.591726172542807,2.591726172542807
1287,2.591726172542807,2.591726172542807,2.591726172542807,2.591726172542807,2.591726172542807,2.591726172542807,2.591726172542807
1288,2.591726172542807,2.591726172542807,2.591726172542807,2.591726172542807,2.591726172542807,2.591726172542807,2.591726172542807
1289,2.591726172542807,2.591726172542807,2.591726172542807,2.591726172542807,2.591726172542807,2.591726172542807,2.591726172542807
1290,2.591726172542807,2.591726172542807,2.591726172542807,2.591726172542807,2.591726172542807,2.591726172542807,2.591726172542807
1291,2.591726172542807,2.591726172542807,2.591726172542807,2.591726172542807,2.591726172542807,2.591726172542807,2.591726172542807
1292,2.591726172542807,2.591726172542807,2.591726172542807,2.591726172542807,2.591726172542807,2.591726172542807,2.591726172542807
1293,2.591726172542807,2.591726172542807,2.591726172542807,2.591726172542807,2.591726172542807,2.591726172542807,2.591726172542807
1294,2.591726172542807,2.591726172542807,2.591726172542807,2.591726172542807,2.591726172542807,2.591726172542807,2.591726172542807
1295,2.591726172542807,2.591726172542807,2.591726172542807,2.591726172542807,2.591726172542807,2.591726172542807,2.591726172542807
1296,2.591726172542807,2.591726172542807,2.591726172542807,2.591726172542807,2.591726172542807,2.591726172542807,2.591726172542807
1297,2.591726172542807,2.591726172542807,2.591726172542807,2.591726172542807,2.591726172542807,2.591726172542807,2.591726172542807
1298,2.591726172542807,2.591726172542807,2.591726172542807,2.591726172542807,2.591726172542807,2.591726172542807,2.591726172542807
1299,2.591726172542807,2.591726172542807,2.591726172542807,2.591726172542807,2.591726172542807,2.591726172542807,2.591726172542807
1300,2.591726172542807,2.591726172542807,2.591726172542807,2.591726172542807,2.591726172542807,2.591726172542807,2.591726172542807
1301,2.591726172542807,2.591726172542807,2.591726172542807,2.591726172542807,2.591726172542807,2.591726172542807,2.591726172542807
1302,2.591726172542807,2.591726172542807,2.591726172542807,2.591726172542807,2.591726172542807,2.591726172542807,2.591726172542807
1303,2.591726172542807,2.591726172542807,2.591726172542807,2.591726172542807,2.591726172542807,2.591726172542807,2.591726172542807
1304,2.591726172542807,2.591726172542807,2.591726172542807,2.591726172542807,2.591726172542807,2.591726172542807,2.591726172542807
1305,2.591726172542807,2.591726172542807,2.591726172542807,2.591726172542807,2.591726172542807,2.591726172542807,2.591726172542807
1306,2.591726172542807,2.591726172542807,2.591726172542807,2.591726172542807,2.591726172542807,2.591726172542807,2.591726172542807
1307,2.591726172542807,2.591726172542807,2.591726172542807,2.591726172542807,2.591726172542807,2.591726172542807,2.591726172542807
1308,2.591726172542807,2.591726172542807,2.591726172542807,2.591726172542807,2.591726172542807,2.591726172542807,2.591726172542807
1309,2.591726172542807,2.591726172542807,2.591726172542807,2.591726172542807,2.591726172542807,2.591726172542807,2.591726172542807
1310,2.591726172542807,2.591726172542807,2.591726172542807,2.591726172542807,2.591726172542807,2.591726172542807,2.591726172542807
1311,2.591726172542807,2.591726172542807,2.591726172542807,2.591726172542807,2.591726172542807,2.591726172542807,2.591726172542807
1312,2.591726172542807,2.591726172542807,2.591726172542807,2.591726172542807,2.591726172542807,2.591726172542807,2.591726172542807
1313,2.591726172542807,2.591726172542807,2.591726172542807,2.591726172542807,2.591726172542807,2.591726172542807,2.591726172542807
1314,2.591726172542807,2.591726172542807,2.591726172542807,2.591726172542807,2.591726172542807,2.591726172542807,2.591726172542807
1315,2.591726172542807,2.591726172542807,2.591726172542807,2.591726172542807,2.591726172542807,2.591726172542807,2.591726172542807
1316,2.591726172542807,2.591726172542807,2.591726172542807,2.591726172542807,2.591726172542807,2.591726172542807,2.591726172542807
1317,2.591726172542807,2.591726172542807,2.591726172542807,2.591726172542807,2.591726172542807,2.591726172542807,2.591726172542807
1318,2.591726172542807,2.591726172542807,2.591726172542807,2.591726172542807,2.591726172542807,2.591726172542807,2.591726172542807
1319,2.591726172542807,2.591726172542807,2.591726172542807,2.591726172542807,2.591726172542807,2.591726172542807,2.591726172542807
1320,2.591726172542807,2.591726172542807,2.591726172542807,2.591726172542807,2.591726172542807,2.591726172542807,2.591726172542807
1321,2.591726172542807,2.591726172542807,2.591726172542807,2.591726172542807,2.591726172542807,2.591726172542807,2.591726172542807
1322,2.591726172542807,2.591726172542807,2.591726172542807,2.591726172542807,2.591726172542807,2.591726172542807,2.591726172542807
1323,2.591726172542807,2.591726172542807,2.591726172542807,2.591726172542807,2.591726172542807,2.591726172542807,2.591726172542807
1324,2.591726172542807,2.591726172542807,2.591726172542807,2.591726172542807,2.591726172542807,2.591726172542807,2.591726172542807
1325,2.591726172542807,2.591726172542807,2.591726172542807,2.591726172542807,2.591726172542807,2.591726172542807,2.591726172542807
1326,2.591726172542807,2.591726172542807,2.591726172542807,2.591726172542807,2.591726172542807,2.591726172542807,2.591726172542807
1327,2.591726172542807,2.591726172542807,2.591726172542807,2.591726172542807,2.591726172542807,2.591726172542807,2.591726172542807
1328,2.591726172542807,2.591726172542807,2.591726172542807,2.591726172542807,2.591726172542807,2.591726172542807,2.591726172542807
1329,2.591726172542807,2.591726172542807,2.591726172542807,2.591726172542807,2.591726172542807,2.591726172542807,2.591726172542807
1330,2.591726172542807,2.591726172542807,2.591726172542807,2.591726172542807,2.591726172542807,2.591726172542807,2.591726172542807
1331,2.591726172542807,2.591726172542807,2.591726172542807,2.591726172542807,2.591726172542807,2.591726172542807,2.591726172542807
1332,2.591726172542807,2.591726172542807,2.591726172542807,2.591726172542807,2.591726172542807,2.591726172542807,2.591726172542807
1333,2.591726172542807,2.591726172542807,2.591726172542807,2.591726172542807,2.591726172542807,2.591726172542807,2.591726172542807
1334,2.591726172542807,2.591726172542807,2.591726172542807,2.591726172542807,2.591726172542807,2.591726172542807,2.591726172542807
1335,2.591726172542807,2.591726172542807,2.591726172542807,2.591726172542807,2.591726172542807,2.591726172542807,2.591726172542807
1336,2.591726172542807,2.591726172542807,2.591726172542807,2.591726172542807,2.591726172542807,2.591726172542807,2.591726172542807
1337,2.591726172542807,2.591726172542807,2.591726172542807,2.591726172542807,2.591726172542807,2.591726172542807,2.591726172542807
1338,8.639087241809358,8.639087241809358,8.639087241809358,8.639087241809358,8.639087241809358,8.639087241809358,8.639087241809358
1339,8.639087241809358,8.639087241809358,8.639087241809358,8.639087241809358,8.639087241809358,8.639087241809358,8.639087241809358
1340,8.639087241809358,8.639087241809358,8.639087241809358,8.639087241809358,8.639087241809358,8.639087241809358,8.639087241809358
1341,8.639087241809358,8.639087241809358,8.639087241809358,8.639087241809358,8.639087241809358,8.639087241809358,8.639087241809358
1342,8.639087241809358,8.639087241809358,8.639087241809358,8.639087241809358,8.639087241809358,8.639087241809358,8.639087241809358
1343,8.639087241809358,8.639087241809358,8.639087241809358,8.639087241809358,8.639087241809358,8.639087241809358,8.639087241809358
1344,8.639087241809358,8.639087241809358,8.639087241809358,8.639087241809358,8.639087241809358,8.639087241809358,8.639087241809358
1345,8.639087241809358,8.639087241809358,8.639087241809358,8.639087241809358,8.639087241809358,8.639087241809358,8.639087241809358
1346,8.639087241809358,8.639087241809358,8.639087241809358,8.639087241809358,8.639087241809358,8.639087241809358,8.639087241809358
1347,8.639087241809358,8.639087241809358,8.639087241809358,8.639087241809358,8.639087241809358,8.639087241809358,8.639087241809358
1348,8.639087241809358,8.639087241809358,8.639087241809358,8.639087241809358,8.639087241809358,8.639087241809358,8.639087241809358
1349,8.639087241809358,8.639087241809358,8.639087241809358,8.639087241809358,8.639087241809358,8.639087241809358,8.639087241809358
1350,8.639087241809358,8.639087241809358,8.639087241809358,8.639087241809358,8.639087241809358,8.639087241809358,8.639087241809358
1351,8.639087241809358,8.639087241809358,8.639087241809358,8.639087241809358,8.639087241809358,8.639087241809358,8.639087241809358
1352,8.639087241809358,8.639087241809358,8.639087241809358,8.639087241809358,8.639087241809358,8.639087241809358,8.639087241809358
1353,8.639087241809358,8.639087241809358,8.639087241809358,8.639087241809358,8.639087241809358,8.639087241809358,8.639087241809358
1354,8.639087241809358,8.639087241809358,8.639087241809358,8.639087241809358,8.639087241809358,8.639087241809358,8.639087241809358
1355,8.639087241809358,8.639087241809358,8.639087241809358,8.639087241809358,8.639087241809358,8.639087241809358,8.639087241809358
1356,8.639087241809358,8.639087241809358,8.639087241809358,8.639087241809358,8.639087241809358,8.639087241809358,8.639087241809358
1357,8.639087241809358,8.639087241809358,8.639087241809358,8.639087241809358,8.639087241809358,8.639087241809358,8.639087241809358
1358,8.639087241809358,8.639087241809358,8.639087241809358,8.639087241809358,8.639087241809358,8.639087241809358,8.639087241809358
1359,8.639087241809358,8.639087241809358,8.639087241809358,8.639087241809358,8.639087241809358,8.639087241809358,8.639087241809358
1360,8.639087241809358,8.639087241809358,8.639087241809358,8.639087241809358,8.639087241809358,8.639087241809358,8.639087241809358
1361,8.639087241809358,8.639087241809358,8.639087241809358,8.639087241809358,8.639087241809358,8.639087241809358,8.639087241809358
1362,8.639087241809358,8.639087241809358,8.639087241809358,8.639087241809358,8.639087241809358,8.639087241809358,8.639087241809358
1363,8.639087241809358,8.639087241809358,8.639087241809358,8.639087241809358,8.639087241809358,8.639087241809358,8.639087241809358
1364,8.639087241809358,8.639087241809358,8.639087241809358,8.639087241809358,8.639087241809358,8.639087241809358,8.639087241809358
1365,8.639087241809358,8.639087241809358,8.639087241809358,8.639087241809358,8.639087241809358,8.639087241809358,8.639087241809358
1366,8.639087241809358,8.639087241809358,8.639087241809358,8.639087241809358,8.639087241809358,8.639087241809358,8.639087241809358
1367,8.639087241809358,8.639087241809358,8.639087241809358,8.639087241809358,8.639087241809358,8.639087241809358,8.639087241809358
1368,8.639087241809358,8.639087241809358,8.639087241809358,8.639087241809358,8.639087241809358,8.639087241809358,8.639087241809358
1369,8.639087241809358,8.639087241809358,8.639087241809358,8.639087241809358,8.639087241809358,8.639087241809358,8.639087241809358
1370,8.639087241809358,8.639087241809358,8.639087241809358,8.639087241809358,8.639087241809358,8.639087241809358,8.639087241809358
1371,8.639087241809358,8.639087241809358,8.639087241809358,8.639087241809358,8.639087241809358,8.639087241809358,8.639087241809358
1372,8.639087241809358,8.639087241809358,8.639087241809358,8.639087241809358,8.639087241809358,8.639087241809358,8.639087241809358
1373,8.639087241809358,8.639087241809358,8.639087241809358,8.639087241809358,8.639087241809358,8.639087241809358,8.639087241809358
1374,8.639087241809358,8.639087241809358,8.639087241809358,8.639087241809358,8.639087241809358,8.639087241809358,8.639087241809358
1375,8.639087241809358,8.639087241809358,8.639087241809358,8.639087241809358,8.639087241809358,8.639087241809358,8.639087241809358
1376,8.639087241809358,8.639087241809358,8.639087241809358,8.639087241809358,8.639087241809358,8.639087241809358,8.639087241809358
1377,8.639087241809358,8.639087241809358,8.639087241809358,8.639087241809358,8.639087241809358,8.639087241809358,8.639087241809358
1378,8.639087241809358,8.639087241809358,8.639087241809358,8.639087241809358,8.639087241809358,8.639087241809358,8.639087241809358
1379,8.639087241809358,8.639087241809358,8.639087241809358,8.639087241809358,8.639087241809358,8.639087241809358,8.639087241809358
1380,8.639087241809358,8.639087241809358,8.639087241809358,8.639087241809358,8.639087241809358,8.639087241809358,8.639087241809358
1381,8.639087241809358,8.639087241809358,8.639087241809358,8.639087241809358,8.639087241809358,8.639087241809358,8.639087241809358
1382,8.639087241809358,8.639087241809358,8.639087241809358,8.639087241809358,8.639087241809358,8.639087241809358,8.639087241809358
1383,8.639087241809358,8.639087241809358,8.639087241809358,8.639087241809358,8.639087241809358,8.639087241809358,8.639087241809358
1384,8.639087241809358,8.639087241809358,8.639087241809358,8.639087241809358,8.639087241809358,8.639087241809358,8.639087241809358
1385,8.639087241809358,8.639087241809358,8.639087241809358,8.639087241809358,8.639087241809358,8.639087241809358,8.639087241809358
1386,8.639087241809358,8.639087241809358,8.639087241809358,8.639087241809358,8.639087241809358,8.639087241809358,8.639087241809358
1387,8.639087241809358,8.639087241809358,8.639087241809358,8.639087241809358,8.639087241809358,8.639087241809358,8.639087241809358
1388,8.639087241809358,8.639087241809358,8.639087241809358,8.639087241809358,8.639087241809358,8.639087241809358,8.639087241809358
1389,8.639087241809358,8.639087241809358,8.639087241809358,8.639087241809358,8.639087241809358,8.639087241809358,8.639087241809358
1390,8.639087241809358,8.639087241809358,8.639087241809358,8.639087241809358,8.639087241809358,8.639087241809358,8.639087241809358
1391,8.639087241809358,8.639087241809358,8.639087241809358,8.639087241809358,8.639087241809358,8.639087241809358,8.639087241809358
1392,8.639087241809358,8.639087241809358,8.639087241809358,8.639087241809358,8.639087241809358,8.639087241809358,8.639087241809358
1393,8.639087241809358,8.639087241809358,8.639087241809358,8.639087241809358,8.639087241809358,8.639087241809358,8.639087241809358
1394,8.639087241809358,8.639087241809358,8.639087241809358,8.639087241809358,8.639087241809358,8.639087241809358,8.639087241809358
1395,8.639087241809358,8.639087241809358,8.639087241809358,8.639087241809358,8.639087241809358,8.639087241809358,8.639087241809358
1396,8.639087241809358,8.639087241809358,8.639087241809358,8.639087241809358,8.639087241809358,8.639087241809358,8.639087241809358
1397,8.639087241809358,8.639087241809358,8.639087241809358,8.639087241809358,8.639087241809358,8.639087241809358,8.639087241809358
1398,8.639087241809358,8.639087241809358,8.639087241809358,8.639087241809358,8.639087241809358,8.639087241809358,8.639087241809358
1399,8.639087241809358,8.639087241809358,8.639087241809358,8.639087241809358,8.639087241809358,8.639087241809358,8.639087241809358
1400,8.639087241809358,8.639087241809358,8.639087241809358,8.639087241809358,8.639087241809358,8.639087241809358,8.639087241809358
1401,8.639087241809358,8.639087241809358,8.639087241809358,8.639087241809358,8.639087241809358,8.639087241809358,8.639087241809358
1402,8.639087241809358,8.639087241809358,8.639087241809358,8.639087241809358,8.639087241809358,8.639087241809358,8.639087241809358
1403,8.639087241809358,8.639087241809358,8.639087241809358,8.639087241809358,8.639087241809358,8.639087241809358,8.639087241809358
1404,8.639087241809358,8.639087241809358,8.639087241809358,8.639087241809358,8.639087241809358,8.639087241809358,8.639087241809358
1405,8.639087241809358,8.639087241809358,8.639087241809358,8.639087241809358,8.639087241809358,8.639087241809358,8.639087241809358
1406,8.639087241809358,8.639087241809358,8.639087241809358,8.639087241809358,8.639087241809358,8.639087241809358,8.639087241809358
1407,8.639087241809358,8.639087241809358,8.639087241809358,8.639087241809358,8.639087241809358,8.639087241809358,8.639087241809358
1408,8.639087241809358,8.639087241809358,8.639087241809358,8.639087241809358,8.639087241809358,8.639087241809358,8.639087241809358
1409,8.639087241809358,8.639087241809358,8.639087241809358,8.639087241809358,8.639087241809358,8.639087241809358,8.639087241809358
1410,8.639087241809358,8.639087241809358,8.639087241809358,8.639087241809358,8.639087241809358,8.639087241809358,8.639087241809358
1411,8.639087241809358,8.639087241809358,8.639087241809358,8.639087241809358,8.639087241809358,8.639087241809358,8.639087241809358
1412,8.639087241809358,8.639087241809358,8.639087241809358,8.639087241809358,8.639087241809358,8.639087241809358,8.639087241809358
1413,8.639087241809358,8.639087241809358,8.639087241809358,8.639087241809358,8.639087241809358,8.639087241809358,8.639087241809358
1414,8.639087241809358,8.639087241809358,8.639087241809358,8.639087241809358,8.639087241809358,8.639087241809358,8.639087241809358
1415,8.639087241809358,8.639087241809358,8.639087241809358,8.639087241809358,8.639087241809358,8.639087241809358,8.639087241809358
1416,8.639087241809358,8.639087241809358,8.639087241809358,8.639087241809358,8.639087241809358,8.639087241809358,8.639087241809358
1417,8.639087241809358,8.639087241809358,8.639087241809358,8.639087241809358,8.639087241809358,8.639087241809358,8.639087241809358
1418,8.639087241809358,8.639087241809358,8.639087241809358,8.639087241809358,8.639087241809358,8.639087241809358,8.639087241809358
1419,8.639087241809358,8.639087241809358,8.639087241809358,8.639087241809358,8.639087241809358,8.639087241809358,8.639087241809358
1420,8.639087241809358,8.639087241809358,8.639087241809358,8.639087241809358,8.639087241809358,8.639087241809358,8.639087241809358
1421,8.639087241809358,8.639087241809358,8.639087241809358,8.639087241809358,8.639087241809358,8.639087241809358,8.639087241809358
1422,8.639087241809358,8.639087241809358,8.639087241809358,8.639087241809358,8.639087241809358,8.639087241809358,8.639087241809358
1423,8.639087241809358,8.639087241809358,8.639087241809358,8.639087241809358,8.639087241809358,8.639087241809358,8.639087241809358
1424,8.639087241809358,8.639087241809358,8.639087241809358,8.639087241809358,8.639087241809358,8.639087241809358,8.639087241809358
1425,8.639087241809358,8.639087241809358,8.639087241809358,8.639087241809358,8.639087241809358,8.639087241809358,8.639087241809358
1426,8.639087241809358,8.639087241809358,8.639087241809358,8.639087241809358,8.639087241809358,8.639087241809358,8.639087241809358
1427,8.639087241809358,8.639087241809358,8.639087241809358,8.639087241809358,8.639087241809358,8.639087241809358,8.639087241809358
1428,8.639087241809358,8.639087241809358,8.639087241809358,8.639087241809358,8.639087241809358,8.639087241809358,8.639087241809358
1429,8.639087241809358,8.639087241809358,8.639087241809358,8.639087241809358,8.639087241809358,8.639087241809358,8.639087241809358
1430,8.639087241809358,8.639087241809358,8.639087241809358,8.639087241809358,8.639087241809358,8.639087241809358,8.639087241809358
1431,8.639087241809358,8.639087241809358,8.639087241809358,8.639087241809358,8.639087241809358,8.639087241809358,8.639087241809358
1432,8.639087241809358,8.639087241809358,8.639087241809358,8.639087241809358,8.639087241809358,8.639087241809358,8.639087241809358
1433,8.639087241809358,8.639087241809358,8.639087241809358,8.639087241809358,8.639087241809358,8.639087241809358,8.639087241809358
1434,8.639087241809358,8.639087241809358,8.639087241809358,8.639087241809358,8.639087241809358,8.639087241809358,8.639087241809358
1435,8.639087241809358,8.639087241809358,8.639087241809358,8.639087241809358,8.639087241809358,8.639087241809358,8.639087241809358
1436,8.639087241809358,8.639087241809358,8.639087241809358,8.639087241809358,8.639087241809358,8.639087241809358,8.639087241809358
1437,8.639087241809358,8.639087241809358,8.639087241809358,8.639087241809358,8.639087241809358,8.639087241809358,8.639087241809358
1438,8.639087241809358,8.639087241809358,8.639087241809358,8.639087241809358,8.639087241809358,8.639087241809358,8.639087241809358
1439,8.639087241809358,8.639087241809358,8.639087241809358,8.639087241809358,8.639087241809358,8.639087241809358,8.639087241809358
1440,8.639087241809358,8.639087241809358,8.639087241809358,8.639087241809358,8.639087241809358,8.639087241809358,8.639087241809358
1441,8.639087241809358,8.639087241809358,8.639087241809358,8.639087241809358,8.639087241809358,8.639087241809358,8.639087241809358
1442,8.639087241809358,8.639087241809358,8.639087241809358,8.639087241809358,8.639087241809358,8.639087241809358,8.639087241809358
1443,8.639087241809358,8.639087241809358,8.639087241809358,8.639087241809358,8.639087241809358,8.639087241809358,8.639087241809358
1444,8.639087241809358,8.639087241809358,8.639087241809358,8.639087241809358,8.639087241809358,8.639087241809358,8.639087241809358
1445,8.639087241809358,8.639087241809358,8.639087241809358,8.639087241809358,8.639087241809358,8.639087241809358,8.639087241809358
1446,8.639087241809358,8.639087241809358,8.639087241809358,8.639087241809358,8.639087241809358,8.639087241809358,8.639087241809358
1447,8.639087241809358,8.639087241809358,8.639087241809358,8.639087241809358,8.639087241809358,8.639087241809358,8.639087241809358
1448,8.639087241809358,8.639087241809358,8.639087241809358,8.639087241809358,8.639087241809358,8.639087241809358,8.639087241809358
1449,8.639087241809358,8.639087241809358,8.639087241809358,8.639087241809358,8.639087241809358,8.639087241809358,8.639087241809358
1450,8.639087241809358,8.639087241809358,8.639087241809358,8.639087241809358,8.639087241809358,8.639087241809358,8.639087241809358
1451,8.639087241809358,8.639087241809358,8.639087241809358,8.639087241809358,8.639087241809358,8.639087241809358,8.639087241809358
1452,8.639087241809358,8.639087241809358,8.639087241809358,8.639087241809358,8.639087241809358,8.639087241809358,8.639087241809358
1453,8.639087241809358,8.639087241809358,8.639087241809358,8.639087241809358,8.639087241809358,8.639087241809358,8.639087241809358
1454,8.639087241809358,8.639087241809358,8.639087241809358,8.639087241809358,8.639087241809358,8.639087241809358,8.639087241809358
1455,8.639087241809358,8.639087241809358,8.639087241809358,8.639087241809358,8.639087241809358,8.639087241809358,8.639087241809358
1456,8.639087241809358,8.639087241809358,8.639087241809358,8.639087241809358,8.639087241809358,8.639087241809358,8.639087241809358
1457,8.639087241809358,8.639087241809358,8.639087241809358,8.639087241809358,8.639087241809358,8.639087241809358,8.639087241809358
1458,8.639087241809358,8.639087241809358,8.639087241809358,8.639087241809358,8.639087241809358,8.639087241809358,8.639087241809358
1459,8.639087241809358,8.639087241809358,8.639087241809358,8.639087241809358,8.639087241809358,8.639087241809358,8.639087241809358
1460,1.2439031804047025,1.2439031804047025,1.2439031804047025,1.2439031804047025,1.2439031804047025,1.2439031804047025,1.2439031804047025
1461,1.2439031804047025,1.2439031804047025,1.2439031804047025,1.2439031804047025,1.2439031804047025,1.2439031804047025,1.2439031804047025
1462,1.2439031804047025,1.2439031804047025,1.2439031804047025,1.2439031804047025,1.2439031804047025,1.2439031804047025,1.2439031804047025
1463,1.2439031804047025,1.2439031804047025,1.2439031804047025,1.2439031804047025,1.2439031804047025,1.2439031804047025,1.2439031804047025
1464,1.2439031804047025,1.2439031804047025,1.2439031804047025,1.2439031804047025,1.2439031804047025,1.2439031804047025,1.2439031804047025
1465,1.2439031804047025,1.2439031804047025,1.2439031804047025,1.2439031804047025,1.2439031804047025,1.2439031804047025,1.2439031804047025
1466,1.2439031804047025,1.2439031804047025,1.2439031804047025,1.2439031804047025,1.2439031804047025,1.2439031804047025,1.2439031804047025
1467,1.2439031804047025,1.2439031804047025,1.2439031804047025,1.2439031804047025,1.2439031804047025,1.2439031804047025,1.2439031804047025
1468,1.2439031804047025,1.2439031804047025,1.2439031804047025,1.2439031804047025,1.2439031804047025,1.2439031804047025,1.2439031804047025
1469,1.2439031804047025,1.2439031804047025,1.2439031804047025,1.2439031804047025,1.2439031804047025,1.2439031804047025,1.2439031804047025
1470,1.2439031804047025,1.2439031804047025,1.2439031804047025,1.2439031804047025,1.2439031804047025,1.2439031804047025,1.2439031804047025
1471,1.2439031804047025,1.2439031804047025,1.2439031804047025,1.2439031804047025,1.2439031804047025,1.2439031804047025,1.2439031804047025
1472,1.2439031804047025,1.2439031804047025,1.2439031804047025,1.2439031804047025,1.2439031804047025,1.2439031804047025,1.2439031804047025
1473,1.2439031804047025,1.2439031804047025,1.2439031804047025,1.2439031804047025,1.2439031804047025,1.2439031804047025,1.2439031804047025
1474,1.2439031804047025,1.2439031804047025,1.2439031804047025,1.2439031804047025,1.2439031804047025,1.2439031804047025,1.2439031804047025
1475,1.2439031804047025,1.2439031804047025,1.2439031804047025,1.2439031804047025,1.2439031804047025,1.2439031804047025,1.2439031804047025
1476,1.2439031804047025,1.2439031804047025,1.2439031804047025,1.2439031804047025,1.2439031804047025,1.2439031804047025,1.2439031804047025
1477,1.2439031804047025,1.2439031804047025,1.2439031804047025,1.2439031804047025,1.2439031804047025,1.2439031804047025,1.2439031804047025
1478,1.2439031804047025,1.2439031804047025,1.2439031804047025,1.2439031804047025,1.2439031804047025,1.2439031804047025,1.2439031804047025
1479,1.2439031804047025,1.2439031804047025,1.2439031804047025,1.2439031804047025,1.2439031804047025,1.2439031804047025,1.2439031804047025
1480,1.2439031804047025,1.2439031804047025,1.2439031804047025,1.2439031804047025,1.2439031804047025,1.2439031804047025,1.2439031804047025
1481,1.2439031804047025,1.2439031804047025,1.2439031804047025,1.2439031804047025,1.2439031804047025,1.2439031804047025,1.2439031804047025
1482,1.2439031804047025,1.2439031804047025,1.2439031804047025,1.2439031804047025,1.2439031804047025,1.2439031804047025,1.2439031804047025
1483,1.2439031804047025,1.2439031804047025,1.2439031804047025,1.2439031804047025,1.2439031804047025,1.2439031804047025,1.2439031804047025
1484,1.2439031804047025,1.2439031804047025,1.2439031804047025,1.2439031804047025,1.2439031804047025,1.2439031804047025,1.2439031804047025
1485,1.2439031804047025,1.2439031804047025,1.2439031804047025,1.2439031804047025,1.2439031804047025,1.2439031804047025,1.2439031804047025
1486,1.2439031804047025,1.2439031804047025,1.2439031804047025,1.2439031804047025,1.2439031804047025,1.2439031804047025,1.2439031804047025
1487,1.2439031804047025,1.2439031804047025,1.2439031804047025,1.2439031804047025,1.2439031804047025,1.2439031804047025,1.2439031804047025
1488,1.2439031804047025,1.2439031804047025,1.2439031804047025,1.2439031804047025,1.2439031804047025,1.2439031804047025,1.2439031804047025
1489,1.2439031804047025,1.2439031804047025,1.2439031804047025,1.2439031804047025,1.2439031804047025,1.2439031804047025,1.2439031804047025
1490,1.2439031804047025,1.2439031804047025,1.2439031804047025,1.2439031804047025,1.2439031804047025,1.2439031804047025,1.2439031804047025
1491,1.2439031804047025,1.2439031804047025,1.2439031804047025,1.2439031804047025,1.2439031804047025,1.2439031804047025,1.2439031804047025
1492,1.2439031804047025,1.2439031804047025,1.2439031804047025,1.2439031804047025,1.2439031804047025,1.2439031804047025,1.2439031804047025
1493,1.2439031804047025,1.2439031804047025,1.2439031804047025,1.2439031804047025,1.2439031804047025,1.2439031804047025,1.2439031804047025
1494,1.2439031804047025,1.2439031804047025,1.2439031804047025,1.2439031804047025,1.2439031804047025,1.2439031804047025,1.2439031804047025
1495,1.2439031804047025,1.2439031804047025,1.2439031804047025,1.2439031804047025,1.2439031804047025,1.2439031804047025,1.2439031804047025
1496,1.2439031804047025,1.2439031804047025,1.2439031804047025,1.2439031804047025,1.2439031804047025,1.2439031804047025,1.2439031804047025
1497,1.2439031804047025,1.2439031804047025,1.2439031804047025,1.2439031804047025,1.2439031804047025,1.2439031804047025,1.2439031804047025
1498,1.2439031804047025,1.2439031804047025,1.2439031804047025,1.2439031804047025,1.2439031804047025,1.2439031804047025,1.2439031804047025
1499,1.2439031804047025,1.2439031804047025,1.2439031804047025,1.2439031804047025,1.2439031804047025,1.2439031804047025,1.2439031804047025
1500,1.2439031804047025,1.2439031804047025,1.2439031804047025,1.2439031804047025,1.2439031804047025,1.2439031804047025,1.2439031804047025
1501,1.2439031804047025,1.2439031804047025,1.2439031804047025,1.2439031804047025,1.2439031804047025,1.2439031804047025,1.2439031804047025
1502,1.2439031804047025,1.2439031804047025,1.2439031804047025,1.2439031804047025,1.2439031804047025,1.2439031804047025,1.2439031804047025
1503,1.2439031804047025,1.2439031804047025,1.2439031804047025,1.2439031804047025,1.2439031804047025,1.2439031804047025,1.2439031804047025
1504,1.2439031804047025,1.2439031804047025,1.2439031804047025,1.2439031804047025,1.2439031804047025,1.2439031804047025,1.2439031804047025
1505,1.2439031804047025,1.2439031804047025,1.2439031804047025,1.2439031804047025,1.2439031804047025,1.2439031804047025,1.2439031804047025
1506,1.2439031804047025,1.2439031804047025,1.2439031804047025,1.2439031804047025,1.2439031804047025,1.2439031804047025,1.2439031804047025
1507,1.2439031804047025,1.2439031804047025,1.2439031804047025,1.2439031804047025,1.2439031804047025,1.2439031804047025,1.2439031804047025
1508,1.2439031804047025,1.2439031804047025,1.2439031804047025,1.2439031804047025,1.2439031804047025,1.2439031804047025,1.2439031804047025
1509,1.2439031804047025,1.2439031804047025,1.2439031804047025,1.2439031804047025,1.2439031804047025,1.2439031804047025,1.2439031804047025
1510,1.2439031804047025,1.2439031804047025,1.2439031804047025,1.2439031804047025,1.2439031804047025,1.2439031804047025,1.2439031804047025
1511,1.2439031804047025,1.2439031804047025,1.2439031804047025,1.2439031804047025,1.2439031804047025,1.2439031804047025,1.2439031804047025
1512,1.2439031804047025,1.2439031804047025,1.2439031804047025,1.2439031804047025,1.2439031804047025,1.2439031804047025,1.2439031804047025
1513,1.2439031804047025,1.2439031804047025,1.2439031804047025,1.2439031804047025,1.2439031804047025,1.2439031804047025,1.2439031804047025
1514,1.2439031804047025,1.2439031804047025,1.2439031804047025,1.2439031804047025,1.2439031804047025,1.2439031804047025,1.2439031804047025
1515,1.2439031804047025,1.2439031804047025,1.2439031804047025,1.2439031804047025,1.2439031804047025,1.2439031804047025,1.2439031804047025
1516,1.2439031804047025,1.2439031804047025,1.2439031804047025,1.2439031804047025,1.2439031804047025,1.2439031804047025,1.2439031804047025
1517,1.2439031804047025,1.2439031804047025,1.2439031804047025,1.2439031804047025,1.2439031804047025,1.2439031804047025,1.2439031804047025
1518,1.2439031804047025,1.2439031804047025,1.2439031804047025,1.2439031804047025,1.2439031804047025,1.2439031804047025,1.2439031804047025
1519,1.2439031804047025,1.2439031804047025,1.2439031804047025,1.2439031804047025,1.2439031804047025,1.2439031804047025,1.2439031804047025
1520,1.2439031804047025,1.2439031804047025,1.2439031804047025,1.2439031804047025,1.2439031804047025,1.2439031804047025,1.2439031804047025
1521,1.2439031804047025,1.2439031804047025,1.2439031804047025,1.2439031804047025,1.2439031804047025,1.2439031804047025,1.2439031804047025
1522,1.2439031804047025,1.2439031804047025,1.2439031804047025,1.2439031804047025,1.2439031804047025,1.2439031804047025,1.2439031804047025
1523,1.2439031804047025,1.2439031804047025,1.2439031804047025,1.2439031804047025,1.2439031804047025,1.2439031804047025,1.2439031804047025
1524,1.2439031804047025,1.2439031804047025,1.2439031804047025,1.2439031804047025,1.2439031804047025,1.2439031804047025,1.2439031804047025
1525,1.2439031804047025,1.2439031804047025,1.2439031804047025,1.2439031804047025,1.2439031804047025,1.2439031804047025,1.2439031804047025
1526,1.2439031804047025,1.2439031804047025,1.2439031804047025,1.2439031804047025,1.2439031804047025,1.2439031804047025,1.2439031804047025
1527,1.2439031804047025,1.2439031804047025,1.2439031804047025,1.2439031804047025,1.2439031804047025,1.2439031804047025,1.2439031804047025
1528,1.2439031804047025,1.2439031804047025,1.2439031804047025,1.2439031804047025,1.2439031804047025,1.2439031804047025,1.2439031804047025
1529,1.2439031804047025,1.2439031804047025,1.2439031804047025,1.2439031804047025,1.2439031804047025,1.2439031804047025,1.2439031804047025
1530,1.2439031804047025,1.2439031804047025,1.2439031804047025,1.2439031804047025,1.2439031804047025,1.2439031804047025,1.2439031804047025
1531,1.2439031804047025,1.2439031804047025,1.2439031804047025,1.2439031804047025,1.2439031804047025,1.2439031804047025,1.2439031804047025
1532,1.2439031804047025,1.2439031804047025,1.2439031804047025,1.2439031804047025,1.2439031804047025,1.2439031804047025,1.2439031804047025
1533,1.2439031804047025,1.2439031804047025,1.2439031804047025,1.2439031804047025,1.2439031804047025,1.2439031804047025,1.2439031804047025
1534,1.2439031804047025,1.2439031804047025,1.2439031804047025,1.2439031804047025,1.2439031804047025,1.2439031804047025,1.2439031804047025
1535,1.2439031804047025,1.2439031804047025,1.2439031804047025,1.2439031804047025,1.2439031804047025,1.2439031804047025,1.2439031804047025
1536,1.2439031804047025,1.2439031804047025,1.2439031804047025,1.2439031804047025,1.2439031804047025,1.2439031804047025,1.2439031804047025
1537,1.2439031804047025,1.2439031804047025,1.2439031804047025,1.2439031804047025,1.2439031804047025,1.2439031804047025,1.2439031804047025
1538,1.2439031804047025,1.2439031804047025,1.2439031804047025,1.2439031804047025,1.2439031804047025,1.2439031804047025,1.2439031804047025
1539,1.2439031804047025,1.2439031804047025,1.2439031804047025,1.2439031804047025,1.2439031804047025,1.2439031804047025,1.2439031804047025
1540,1.2439031804047025,1.2439031804047025,1.2439031804047025,1.2439031804047025,1.2439031804047025,1.2439031804047025,1.2439031804047025
1541,1.2439031804047025,1.2439031804047025,1.2439031804047025,1.2439031804047025,1.2439031804047025,1.2439031804047025,1.2439031804047025
1542,1.2439031804047025,1.2439031804047025,1.2439031804047025,1.2439031804047025,1.2439031804047025,1.2439031804047025,1.2439031804047025
1543,1.2439031804047025,1.2439031804047025,1.2439031804047025,1.2439031804047025,1.2439031804047025,1.2439031804047025,1.2439031804047025
1544,1.2439031804047025,1.2439031804047025,1.2439031804047025,1.2439031804047025,1.2439031804047025,1.2439031804047025,1.2439031804047025
1545,1.2439031804047025,1.2439031804047025,1.2439031804047025,1.2439031804047025,1.2439031804047025,1.2439031804047025,1.2439031804047025
1546,1.2439031804047025,1.2439031804047025,1.2439031804047025,1.2439031804047025,1.2439031804047025,1.2439031804047025,1.2439031804047025
1547,1.2439031804047025,1.2439031804047025,1.2439031804047025,1.2439031804047025,1.2439031804047025,1.2439031804047025,1.2439031804047025
1548,1.2439031804047025,1.2439031804047025,1.2439031804047025,1.2439031804047025,1.2439031804047025,1.2439031804047025,1.2439031804047025
1549,1.2439031804047025,1.2439031804047025,1.2439031804047025,1.2439031804047025,1.2439031804047025,1.2439031804047025,1.2439031804047025
1550,1.2439031804047025,1.2439031804047025,1.2439031804047025,1.2439031804047025,1.2439031804047025,1.2439031804047025,1.2439031804047025
1551,1.2439031804047025,1.2439031804047025,1.2439031804047025,1.2439031804047025,1.2439031804047025,1.2439031804047025,1.2439031804047025
1552,1.2439031804047025,1.2439031804047025,1.2439031804047025,1.2439031804047025,1.2439031804047025,1.2439031804047025,1.2439031804047025
1553,1.2439031804047025,1.2439031804047025,1.2439031804047025,1.2439031804047025,1.2439031804047025,1.2439031804047025,1.2439031804047025
1554,1.2439031804047025,1.2439031804047025,1.2439031804047025,1.2439031804047025,1.2439031804047025,1.2439031804047025,1.2439031804047025
1555,1.2439031804047025,1.2439031804047025,1.2439031804047025,1.2439031804047025,1.2439031804047025,1.2439031804047025,1.2439031804047025
1556,1.2439031804047025,1.2439031804047025,1.2439031804047025,1.2439031804047025,1.2439031804047025,1.2439031804047025,1.2439031804047025
1557,1.2439031804047025,1.2439031804047025,1.2439031804047025,1.2439031804047025,1.2439031804047025,1.2439031804047025,1.2439031804047025
1558,1.2439031804047025,1.2439031804047025,1.2439031804047025,1.2439031804047025,1.2439031804047025,1.2439031804047025,1.2439031804047025
1559,1.2439031804047025,1.2439031804047025,1.2439031804047025,1.2439031804047025,1.2439031804047025,1.2439031804047025,1.2439031804047025
1560,1.2439031804047025,1.2439031804047025,1.2439031804047025,1.2439031804047025,1.2439031804047025,1.2439031804047025,1.2439031804047025
1561,1.2439031804047025,1.2439031804047025,1.2439031804047025,1.2439031804047025,1.2439031804047025,1.2439031804047025,1.2439031804047025
1562,1.2439031804047025,1.2439031804047025,1.2439031804047025,1.2439031804047025,1.2439031804047025,1.2439031804047025,1.2439031804047025
1563,1.2439031804047025,1.2439031804047025,1.2439031804047025,1.2439031804047025,1.2439031804047025,1.2439031804047025,1.2439031804047025
1564,1.2439031804047025,1.2439031804047025,1.2439031804047025,1.2439031804047025,1.2439031804047025,1.2439031804047025,1.2439031804047025
1565,1.2439031804047025,1.2439031804047025,1.2439031804047025,1.2439031804047025,1.2439031804047025,1.2439031804047025,1.2439031804047025
1566,1.2439031804047025,1.2439031804047025,1.2439031804047025,1.2439031804047025,1.2439031804047025,1.2439031804047025,1.2439031804047025
1567,1.2439031804047025,1.2439031804047025,1.2439031804047025,1.2439031804047025,1.2439031804047025,1.2439031804047025,1.2439031804047025
1568,1.2439031804047025,1.2439031804047025,1.2439031804047025,1.2439031804047025,1.2439031804047025,1.2439031804047025,1.2439031804047025
1569,1.2439031804047025,1.2439031804047025,1.2439031804047025,1.2439031804047025,1.2439031804047025,1.2439031804047025,1.2439031804047025
1570,1.2439031804047025,1.2439031804047025,1.2439031804047025,1.2439031804047025,1.2439031804047025,1.2439031804047025,1.2439031804047025
1571,1.2439031804047025,1.2439031804047025,1.2439031804047025,1.2439031804047025,1.2439031804047025,1.2439031804047025,1.2439031804047025
1572,1.2439031804047025,1.2439031804047025,1.2439031804047025,1.2439031804047025,1.2439031804047025,1.2439031804047025,1.2439031804047025
1573,1.2439031804047025,1.2439031804047025,1.2439031804047025,1.2439031804047025,1.2439031804047025,1.2439031804047025,1.2439031804047025
1574,1.2439031804047025,1.2439031804047025,1.2439031804047025,1.2439031804047025,1.2439031804047025,1.2439031804047025,1.2439031804047025
1575,1.2439031804047025,1.2439031804047025,1.2439031804047025,1.2439031804047025,1.2439031804047025,1.2439031804047025,1.2439031804047025
1576,1.2439031804047025,1.2439031804047025,1.2439031804047025,1.2439031804047025,1.2439031804047025,1.2439031804047025,1.2439031804047025
1577,1.2439031804047025,1.2439031804047025,1.2439031804047025,1.2439031804047025,1.2439031804047025,1.2439031804047025,1.2439031804047025
1578,1.2439031804047025,1.2439031804047025,1.2439031804047025,1.2439031804047025,1.2439031804047025,1.2439031804047025,1.2439031804047025
1579,1.2439031804047025,1.2439031804047025,1.2439031804047025,1.2439031804047025,1.2439031804047025,1.2439031804047025,1.2439031804047025
1580,1.2439031804047025,1.2439031804047025,1.2439031804047025,1.2439031804047025,1.2439031804047025,1.2439031804047025,1.2439031804047025
1581,1.2439031804047025,1.2439031804047025,1.2439031804047025,1.2439031804047025,1.2439031804047025,1.2439031804047025,1.2439031804047025
1582,1.2439031804047025,1.2439031804047025,1.2439031804047025,1.2439031804047025,1.2439031804047025,1.2439031804047025,1.2439031804047025
1583,1.2439031804047025,1.2439031804047025,1.2439031804047025,1.2439031804047025,1.2439031804047025,1.2439031804047025,1.2439031804047025
1584,1.2439031804047025,1.2439031804047025,1.2439031804047025,1.2439031804047025,1.2439031804047025,1.2439031804047025,1.2439031804047025
1585,1.2439031804047025,1.2439031804047025,1.2439031804047025,1.2439031804047025,1.2439031804047025,1.2439031804047025,1.2439031804047025
1586,1.2439031804047025,1.2439031804047025,1.2439031804047025,1.2439031804047025,1.2439031804047025,1.2439031804047025,1.2439031804047025
1587,1.2439031804047025,1.2439031804047025,1.2439031804047025,1.2439031804047025,1.2439031804047025,1.2439031804047025,1.2439031804047025
1588,1.2439031804047025,1.2439031804047025,1.2439031804047025,1.2439031804047025,1.2439031804047025,1.2439031804047025,1.2439031804047025
1589,1.2439031804047025,1.2439031804047025,1.2439031804047025,1.2439031804047025,1.2439031804047025,1.2439031804047025,1.2439031804047025
1590,1.2439031804047025,1.2439031804047025,1.2439031804047025,1.2439031804047025,1.2439031804047025,1.2439031804047025,1.2439031804047025
1591,1.2439031804047025,1.2439031804047025,1.2439031804047025,1.2439031804047025,1.2439031804047025,1.2439031804047025,1.2439031804047025
1592,1.2439031804047025,1.2439031804047025,1.2439031804047025,1.2439031804047025,1.2439031804047025,1.2439031804047025,1.2439031804047025
1593,1.2439031804047025,1.2439031804047025,1.2439031804047025,1.2439031804047025,1.2439031804047025,1.2439031804047025,1.2439031804047025
1594,1.2439031804047025,1.2439031804047025,1.2439031804047025,1.2439031804047025,1.2439031804047025,1.2439031804047025,1.2439031804047025
1595,1.2439031804047025,1.2439031804047025,1.2439031804047025,1.2439031804047025,1.2439031804047025,1.2439031804047025,1.2439031804047025
1596,1.2439031804047025,1.2439031804047025,1.2439031804047025,1.2439031804047025,1.2439031804047025,1.2439031804047025,1.2439031804047025
1597,1.2439031804047025,1.2439031804047025,1.2439031804047025,1.2439031804047025,1.2439031804047025,1.2439031804047025,1.2439031804047025
1598,1.2439031804047025,1.2439031804047025,1.2439031804047025,1.2439031804047025,1.2439031804047025,1.2439031804047025,1.2439031804047025
1599,1.2439031804047025,1.2439031804047025,1.2439031804047025,1.2439031804047025,1.2439031804047025,1.2439031804047025,1.2439031804047025
1600,1.2439031804047025,1.2439031804047025,1.2439031804047025,1.2439031804047025,1.2439031804047025,1.2439031804047025,1.2439031804047025
1601,1.2439031804047025,1.2439031804047025,1.2439031804047025,1.2439031804047025,1.2439031804047025,1.2439031804047025,1.2439031804047025
1602,1.2439031804047025,1.2439031804047025,1.2439031804047025,1.2439031804047025,1.2439031804047025,1.2439031804047025,1.2439031804047025
1603,1.2439031804047025,1.2439031804047025,1.2439031804047025,1.2439031804047025,1.2439031804047025,1.2439031804047025,1.2439031804047025
1604,1.2439031804047025,1.2439031804047025,1.2439031804047025,1.2439031804047025,1.2439031804047025,1.2439031804047025,1.2439031804047025
1605,1.2439031804047025,1.2439031804047025,1.2439031804047025,1.2439031804047025,1.2439031804047025,1.2439031804047025,1.2439031804047025
1606,1.2439031804047025,1.2439031804047025,1.2439031804047025,1.2439031804047025,1.2439031804047025,1.2439031804047025,1.2439031804047025
1607,1.2439031804047025,1.2439031804047025,1.2439031804047025,1.2439031804047025,1.2439031804047025,1.2439031804047025,1.2439031804047025
1608,1.2439031804047025,1.2439031804047025,1.2439031804047025,1.2439031804047025,1.2439031804047025,1.2439031804047025,1.2439031804047025
1609,1.2439031804047025,1.2439031804047025,1.2439031804047025,1.2439031804047025,1.2439031804047025,1.2439031804047025,1.2439031804047025
1610,1.2439031804047025,1.2439031804047025,1.2439031804047025,1.2439031804047025,1.2439031804047025,1.2439031804047025,1.2439031804047025
1611,1.2439031804047025,1.2439031804047025,1.2439031804047025,1.2439031804047025,1.2439031804047025,1.2439031804047025,1.2439031804047025
1612,1.2439031804047025,1.2439031804047025,1.2439031804047025,1.2439031804047025,1.2439031804047025,1.2439031804047025,1.2439031804047025
1613,1.2439031804047025,1.2439031804047025,1.2439031804047025,1.2439031804047025,1.2439031804047025,1.2439031804047025,1.2439031804047025
1614,1.2439031804047025,1.2439031804047025,1.2439031804047025,1.2439031804047025,1.2439031804047025,1.2439031804047025,1.2439031804047025
1615,1.2439031804047025,1.2439031804047025,1.2439031804047025,1.2439031804047025,1.2439031804047025,1.2439031804047025,1.2439031804047025
1616,1.2439031804047025,1.2439031804047025,1.2439031804047025,1.2439031804047025,1.2439031804047025,1.2439031804047025,1.2439031804047025
1617,1.2439031804047025,1.2439031804047025,1.2439031804047025,1.2439031804047025,1.2439031804047025,1.2439031804047025,1.2439031804047025
1618,1.2439031804047025,1.2439031804047025,1.2439031804047025,1.2439031804047025,1.2439031804047025,1.2439031804047025,1.2439031804047025
1619,1.2439031804047025,1.2439031804047025,1.2439031804047025,1.2439031804047025,1.2439031804047025,1.2439031804047025,1.2439031804047025
1620,1.2439031804047025,1.2439031804047025,1.2439031804047025,1.2439031804047025,1.2439031804047025,1.2439031804047025,1.2439031804047025
1621,1.2439031804047025,1.2439031804047025,1.2439031804047025,1.2439031804047025,1.2439031804047025,1.2439031804047025,1.2439031804047025
1622,1.2439031804047025,1.2439031804047025,1.2439031804047025,1.2439031804047025,1.2439031804047025,1.2439031804047025,1.2439031804047025
1623,1.2439031804047025,1.2439031804047025,1.2439031804047025,1.2439031804047025,1.2439031804047025,1.2439031804047025,1.2439031804047025
1624,1.2439031804047025,1.2439031804047025,1.2439031804047025,1.2439031804047025,1.2439031804047025,1.2439031804047025,1.2439031804047025
1625,1.2439031804047025,1.2439031804047025,1.2439031804047025,1.2439031804047025,1.2439031804047025,1.2439031804047025,1.2439031804047025
1626,1.2439031804047025,1.2439031804047025,1.2439031804047025,1.2439031804047025,1.2439031804047025,1.2439031804047025,1.2439031804047025
1627,1.2439031804047025,1.2439031804047025,1.2439031804047025,1.2439031804047025,1.2439031804047025,1.2439031804047025,1.2439031804047025
1628,1.2439031804047025,1.2439031804047025,1.2439031804047025,1.2439031804047025,1.2439031804047025,1.2439031804047025,1.2439031804047025
1629,1.2439031804047025,1.2439031804047025,1.2439031804047025,1.2439031804047025,1.2439031804047025,1.2439031804047025,1.2439031804047025
1630,1.2439031804047025,1.2439031804047025,1.2439031804047025,1.2439031804047025,1.2439031804047025,1.2439031804047025,1.2439031804047025
1631,1.2439031804047025,1.2439031804047025,1.2439031804047025,1.2439031804047025,1.2439031804047025,1.2439031804047025,1.2439031804047025
1632,1.2439031804047025,1.2439031804047025,1.2439031804047025,1.2439031804047025,1.2439031804047025,1.2439031804047025,1.2439031804047025
1633,1.2439031804047025,1.2439031804047025,1.2439031804047025,1.2439031804047025,1.2439031804047025,1.2439031804047025,1.2439031804047025
1634,1.2439031804047025,1.2439031804047025,1.2439031804047025,1.2439031804047025,1.2439031804047025,1.2439031804047025,1.2439031804047025
1635,1.2439031804047025,1.2439031804047025,1.2439031804047025,1.2439031804047025,1.2439031804047025,1.2439031804047025,1.2439031804047025
1636,1.2439031804047025,1.2439031804047025,1.2439031804047025,1.2439031804047025,1.2439031804047025,1.2439031804047025,1.2439031804047025
1637,1.2439031804047025,1.2439031804047025,1.2439031804047025,1.2439031804047025,1.2439031804047025,1.2439031804047025,1.2439031804047025
1638,1.2439031804047025,1.2439031804047025,1.2439031804047025,1.2439031804047025,1.2439031804047025,1.2439031804047025,1.2439031804047025
1639,1.2439031804047025,1.2439031804047025,1.2439031804047025,1.2439031804047025,1.2439031804047025,1.2439031804047025,1.2439031804047025
1640,1.2439031804047025,1.2439031804047025,1.2439031804047025,1.2439031804047025,1.2439031804047025,1.2439031804047025,1.2439031804047025
1641,1.2439031804047025,1.2439031804047025,1.2439031804047025,1.2439031804047025,1.2439031804047025,1.2439031804047025,1.2439031804047025
1642,1.2439031804047025,1.2439031804047025,1.2439031804047025,1.2439031804047025,1.2439031804047025,1.2439031804047025,1.2439031804047025
1643,1.2439031804047025,1.2439031804047025,1.2439031804047025,1.2439031804047025,1.2439031804047025,1.2439031804047025,1.2439031804047025
1644,1.2439031804047025,1.2439031804047025,1.2439031804047025,1.2439031804047025,1.2439031804047025,1.2439031804047025,1.2439031804047025
1645,1.2439031804047025,1.2439031804047025,1.2439031804047025,1.2439031804047025,1.2439031804047025,1.2439031804047025,1.2439031804047025
1646,1.2439031804047025,1.2439031804047025,1.2439031804047025,1.2439031804047025,1.2439031804047025,1.2439031804047025,1.2439031804047025
1647,1.2439031804047025,1.2439031804047025,1.2439031804047025,1.2439031804047025,1.2439031804047025,1.2439031804047025,1.2439031804047025
1648,1.2439031804047025,1.2439031804047025,1.2439031804047025,1.2439031804047025,1.2439031804047025,1.2439031804047025,1.2439031804047025
1649,1.2439031804047025,1.2439031804047025,1.2439031804047025,1.2439031804047025,1.2439031804047025,1.2439031804047025,1.2439031804047025
1650,1.2439031804047025,1.2439031804047025,1.2439031804047025,1.2439031804047025,1.2439031804047025,1.2439031804047025,1.2439031804047025
1651,1.2439031804047025,1.2439031804047025,1.2439031804047025,1.2439031804047025,1.2439031804047025,1.2439031804047025,1.2439031804047025
1652,1.2439031804047025,1.2439031804047025,1.2439031804047025,1.2439031804047025,1.2439031804047025,1.2439031804047025,1.2439031804047025
1653,1.2439031804047025,1.2439031804047025,1.2439031804047025,1.2439031804047025,1.2439031804047025,1.2439031804047025,1.2439031804047025
1654,1.2439031804047025,1.2439031804047025,1.2439031804047025,1.2439031804047025,1.2439031804047025,1.2439031804047025,1.2439031804047025
1655,1.2439031804047025,1.2439031804047025,1.2439031804047025,1.2439031804047025,1.2439031804047025,1.2439031804047025,1.2439031804047025
1656,1.2439031804047025,1.2439031804047025,1.2439031804047025,1.2439031804047025,1.2439031804047025,1.2439031804047025,1.2439031804047025
1657,1.2439031804047025,1.2439031804047025,1.2439031804047025,1.2439031804047025,1.2439031804047025,1.2439031804047025,1.2439031804047025
1658,1.2439031804047025,1.2439031804047025,1.2439031804047025,1.2439031804047025,1.2439031804047025,1.2439031804047025,1.2439031804047025
1659,1.2439031804047025,1.2439031804047025,1.2439031804047025,1.2439031804047025,1.2439031804047025,1.2439031804047025,1.2439031804047025
1660,1.2439031804047025,1.2439031804047025,1.2439031804047025,1.2439031804047025,1.2439031804047025,1.2439031804047025,1.2439031804047025
1661,1.2439031804047025,1.2439031804047025,1.2439031804047025,1.2439031804047025,1.2439031804047025,1.2439031804047025,1.2439031804047025
1662,1.2439031804047025,1.2439031804047025,1.2439031804047025,1.2439031804047025,1.2439031804047025,1.2439031804047025,1.2439031804047025
1663,1.2439031804047025,1.2439031804047025,1.2439031804047025,1.2439031804047025,1.2439031804047025,1.2439031804047025,1.2439031804047025
1664,1.2439031804047025,1.2439031804047025,1.2439031804047025,1.2439031804047025,1.2439031804047025,1.2439031804047025,1.2439031804047025
1665,1.2439031804047025,1.2439031804047025,1.2439031804047025,1.2439031804047025,1.2439031804047025,1.2439031804047025,1.2439031804047025
1666,1.2439031804047025,1.2439031804047025,1.2439031804047025,1.2439031804047025,1.2439031804047025,1.2439031804047025,1.2439031804047025
1667,1.2439031804047025,1.2439031804047025,1.2439031804047025,1.2439031804047025,1.2439031804047025,1.2439031804047025,1.2439031804047025
1668,1.2439031804047025,1.2439031804047025,1.2439031804047025,1.2439031804047025,1.2439031804047025,1.2439031804047025,1.2439031804047025
1669,1.2439031804047025,1.2439031804047025,1.2439031804047025,1.2439031804047025,1.2439031804047025,1.2439031804047025,1.2439031804047025
1670,1.2439031804047025,1.2439031804047025,1.2439031804047025,1.2439031804047025,1.2439031804047025,1.2439031804047025,1.2439031804047025
1671,1.2439031804047025,1.2439031804047025,1.2439031804047025,1.2439031804047025,1.2439031804047025,1.2439031804047025,1.2439031804047025
1672,1.2439031804047025,1.2439031804047025,1.2439031804047025,1.2439031804047025,1.2439031804047025,1.2439031804047025,1.2439031804047025
1673,1.2439031804047025,1.2439031804047025,1.2439031804047025,1.2439031804047025,1.2439031804047025,1.2439031804047025,1.2439031804047025
1674,1.2439031804047025,1.2439031804047025,1.2439031804047025,1.2439031804047025,1.2439031804047025,1.2439031804047025,1.2439031804047025
1675,1.2439031804047025,1.2439031804047025,1.2439031804047025,1.2439031804047025,1.2439031804047025,1.2439031804047025,1.2439031804047025
1676,1.2439031804047025,1.2439031804047025,1.2439031804047025,1.2439031804047025,1.2439031804047025,1.2439031804047025,1.2439031804047025
1677,1.2439031804047025,1.2439031804047025,1.2439031804047025,1.2439031804047025,1.2439031804047025,1.2439031804047025,1.2439031804047025
1678,1.2439031804047025,1.2439031804047025,1.2439031804047025,1.2439031804047025,1.2439031804047025,1.2439031804047025,1.2439031804047025
1679,1.2439031804047025,1.2439031804047025,1.2439031804047025,1.2439031804047025,1.2439031804047025,1.2439031804047025,1.2439031804047025
1680,1.2439031804047025,1.2439031804047025,1.2439031804047025,1.2439031804047025,1.2439031804047025,1.2439031804047025,1.2439031804047025
1681,1.2439031804047025,1.2439031804047025,1.2439031804047025,1.2439031804047025,1.2439031804047025,1.2439031804047025,1.2439031804047025
1682,1.2439031804047025,1.2439031804047025,1.2439031804047025,1.2439031804047025,1.2439031804047025,1.2439031804047025,1.2439031804047025
1683,1.2439031804047025,1.2439031804047025,1.2439031804047025,1.2439031804047025,1.2439031804047025,1.2439031804047025,1.2439031804047025
1684,1.2439031804047025,1.2439031804047025,1.2439031804047025,1.2439031804047025,1.2439031804047025,1.2439031804047025,1.2439031804047025
1685,1.2439031804047025,1.2439031804047025,1.2439031804047025,1.2439031804047025,1.2439031804047025,1.2439031804047025,1.2439031804047025
1686,1.2439031804047025,1.2439031804047025,1.2439031804047025,1.2439031804047025,1.2439031804047025,1.2439031804047025,1.2439031804047025
1687,0.0,0.0,0.0,0.0,0.0,0.0,0.0
1688,0.0,0.0,0.0,0.0,0.0,0.0,0.0
1689,0.0,0.0,0.0,0.0,0.0,0.0,0.0
1690,0.0,0.0,0.0,0.0,0.0,0.0,0.0
1691,0.0,0.0,0.0,0.0,0.0,0.0,0.0
1692,0.0,0.0,0.0,0.0,0.0,0.0,0.0
1693,0.0,0.0,0.0,0.0,0.0,0.0,0.0
1694,0.0,0.0,0.0,0.0,0.0,0.0,0.0
1695,0.0,0.0,0.0,0.0,0.0,0.0,0.0
1696,0.0,0.0,0.0,0.0,0.0,0.0,0.0
1697,0.0,0.0,0.0,0.0,0.0,0.0,0.0
1698,0.0,0.0,0.0,0.0,0.0,0.0,0.0
1699,0.0,0.0,0.0,0.0,0.0,0.0,0.0
1700,0.0,0.0,0.0,0.0,0.0,0.0,0.0
1701,0.0,0.0,0.0,0.0,0.0,0.0,0.0
1702,0.0,0.0,0.0,0.0,0.0,0.0,0.0
1703,0.0,0.0,0.0,0.0,0.0,0.0,0.0
1704,0.0,0.0,0.0,0.0,0.0,0.0,0.0
1705,0.0,0.0,0.0,0.0,0.0,0.0,0.0
1706,0.0,0.0,0.0,0.0,0.0,0.0,0.0
1707,0.0,0.0,0.0,0.0,0.0,0.0,0.0
1708,0.0,0.0,0.0,0.0,0.0,0.0,0.0
1709,0.0,0.0,0.0,0.0,0.0,0.0,0.0
1710,0.0,0.0,0.0,0.0,0.0,0.0,0.0
1711,0.0,0.0,0.0,0.0,0.0,0.0,0.0
1712,0.0,0.0,0.0,0.0,0.0,0.0,0.0
1713,0.0,0.0,0.0,0.0,0.0,0.0,0.0
1714,0.0,0.0,0.0,0.0,0.0,0.0,0.0
1715,0.0,0.0,0.0,0.0,0.0,0.0,0.0
1716,0.0,0.0,0.0,0.0,0.0,0.0,0.0
1717,0.0,0.0,0.0,0.0,0.0,0.0,0.0
1718,0.0,0.0,0.0,0.0,0.0,0.0,0.0
1719,0.0,0.0,0.0,0.0,0.0,0.0,0.0
1720,0.0,0.0,0.0,0.0,0.0,0.0,0.0
1721,0.0,0.0,0.0,0.0,0.0,0.0,0.0
1722,0.0,0.0,0.0,0.0,0.0,0.0,0.0
1723,0.0,0.0,0.0,0.0,0.0,0.0,0.0
1724,0.0,0.0,0.0,0.0,0.0,0.0,0.0
1725,0.0,0.0,0.0,0.0,0.0,0.0,0.0
1726,0.0,0.0,0.0,0.0,0.0,0.0,0.0
1727,0.0,0.0,0.0,0.0,0.0,0.0,0.0
1728,0.0,0.0,0.0,0.0,0.0,0.0,0.0
1729,0.0,0.0,0.0,0.0,0.0,0.0,0.0
1730,0.0,0.0,0.0,0.0,0.0,0.0,0.0
1731,0.0,0.0,0.0,0.0,0.0,0.0,0.0
1732,0.0,0.0,0.0,0.0,0.0,0.0,0.0
1733,0.0,0.0,0.0,0.0,0.0,0.0,0.0
1734,0.0,0.0,0.0,0.0,0.0,0.0,0.0
1735,0.0,0.0,0.0,0.0,0.0,0.0,0.0
1736,0.0,0.0,0.0,0.0,0.0,0.0,0.0
1737,0.0,0.0,0.0,0.0,0.0,0.0,0.0
1738,0.0,0.0,0.0,0.0,0.0,0.0,0.0
1739,0.0,0.0,0.0,0.0,0.0,0.0,0.0
1740,0.0,0.0,0.0,0.0,0.0,0.0,0.0
1741,0.0,0.0,0.0,0.0,0.0,0.0,0.0
1742,0.0,0.0,0.0,0.0,0.0,0.0,0.0
1743,0.0,0.0,0.0,0.0,0.0,0.0,0.0
1744,0.0,0.0,0.0,0.0,0.0,0.0,0.0
1745,0.0,0.0,0.0,0.0,0.0,0.0,0.0
1746,0.0,0.0,0.0,0.0,0.0,0.0,0.0
1747,0.0,0.0,0.0,0.0,0.0,0.0,0.0
1748,0.0,0.0,0.0,0.0,0.0,0.0,0.0
1749,0.0,0.0,0.0,0.0,0.0,0.0,0.0
1750,0.0,0.0,0.0,0.0,0.0,0.0,0.0
1751,0.0,0.0,0.0,0.0,0.0,0.0,0.0
1752,0.0,0.0,0.0,0.0,0.0,0.0,0.0
1753,0.0,0.0,0.0,0.0,0.0,0.0,0.0
1754,0.0,0.0,0.0,0.0,0.0,0.0,0.0
1755,0.0,0.0,0.0,0.0,0.0,0.0,0.0
1756,0.0,0.0,0.0,0.0,0.0,0.0,0.0
1757,4.146343934682342,4.146343934682342,4.146343934682342,4.146343934682342,4.146343934682342,4.146343934682342,4.146343934682342
1758,4.146343934682342,4.146343934682342,4.146343934682342,4.146343934682342,4.146343934682342,4.146343934682342,4.146343934682342
1759,4.146343934682342,4.146343934682342,4.146343934682342,4.146343934682342,4.146343934682342,4.146343934682342,4.146343934682342
1760,4.146343934682342,4.146343934682342,4.146343934682342,4.146343934682342,4.146343934682342,4.146343934682342,4.146343934682342
1761,4.146343934682342,4.146343934682342,4.146343934682342,4.146343934682342,4.146343934682342,4.146343934682342,4.146343934682342
1762,4.146343934682342,4.146343934682342,4.146343934682342,4.146343934682342,4.146343934682342,4.146343934682342,4.146343934682342
1763,4.146343934682342,4.146343934682342,4.146343934682342,4.146343934682342,4.146343934682342,4.146343934682342,4.146343934682342
1764,4.146343934682342,4.146343934682342,4.146343934682342,4.146343934682342,4.146343934682342,4.146343934682342,4.146343934682342
1765,4.146343934682342,4.146343934682342,4.146343934682342,4.146343934682342,4.146343934682342,4.146343934682342,4.146343934682342
1766,4.146343934682342,4.146343934682342,4.146343934682342,4.146343934682342,4.146343934682342,4.146343934682342,4.146343934682342
1767,4.146343934682342,4.146343934682342,4.146343934682342,4.146343934682342,4.146343934682342,4.146343934682342,4.146343934682342
1768,4.146343934682342,4.146343934682342,4.146343934682342,4.146343934682342,4.146343934682342,4.146343934682342,4.146343934682342
1769,4.146343934682342,4.146343934682342,4.146343934682342,4.146343934682342,4.146343934682342,4.146343934682342,4.146343934682342
1770,4.146343934682342,4.146343934682342,4.146343934682342,4.146343934682342,4.146343934682342,4.146343934682342,4.146343934682342
1771,4.146343934682342,4.146343934682342,4.146343934682342,4.146343934682342,4.146343934682342,4.146343934682342,4.146343934682342
1772,4.146343934682342,4.146343934682342,4.146343934682342,4.146343934682342,4.146343934682342,4.146343934682342,4.146343934682342
1773,4.146343934682342,4.146343934682342,4.146343934682342,4.146343934682342,4.146343934682342,4.146343934682342,4.146343934682342
1774,4.146343934682342,4.146343934682342,4.146343934682342,4.146343934682342,4.146343934682342,4.146343934682342,4.146343934682342
1775,4.146343934682342,4.146343934682342,4.146343934682342,4.146343934682342,4.146343934682342,4.146343934682342,4.146343934682342
1776,4.146343934682342,4.146343934682342,4.146343934682342,4.146343934682342,4.146343934682342,4.146343934682342,4.146343934682342
1777,4.146343934682342,4.146343934682342,4.146343934682342,4.146343934682342,4.146343934682342,4.146343934682342,4.146343934682342
1778,4.146343934682342,4.146343934682342,4.146343934682342,4.146343934682342,4.146343934682342,4.146343934682342,4.146343934682342
1779,4.146343934682342,4.146343934682342,4.146343934682342,4.146343934682342,4.146343934682342,4.146343934682342,4.146343934682342
1780,4.146343934682342,4.146343934682342,4.146343934682342,4.146343934682342,4.146343934682342,4.146343934682342,4.146343934682342
1781,4.146343934682342,4.146343934682342,4.146343934682342,4.146343934682342,4.146343934682342,4.146343934682342,4.146343934682342
1782,4.146343934682342,4.146343934682342,4.146343934682342,4.146343934682342,4.146343934682342,4.146343934682342,4.146343934682342
1783,4.146343934682342,4.146343934682342,4.146343934682342,4.146343934682342,4.146343934682342,4.146343934682342,4.146343934682342
1784,4.146343934682342,4.146343934682342,4.146343934682342,4.146343934682342,4.146343934682342,4.146343934682342,4.146343934682342
1785,4.146343934682342,4.146343934682342,4.146343934682342,4.146343934682342,4.146343934682342,4.146343934682342,4.146343934682342
1786,4.146343934682342,4.146343934682342,4.146343934682342,4.146343934682342,4.146343934682342,4.146343934682342,4.146343934682342
1787,4.146343934682342,4.146343934682342,4.146343934682342,4.146343934682342,4.146343934682342,4.146343934682342,4.146343934682342
1788,4.146343934682342,4.146343934682342,4.146343934682342,4.146343934682342,4.146343934682342,4.146343934682342,4.146343934682342
1789,4.146343934682342,4.146343934682342,4.146343934682342,4.146343934682342,4.146343934682342,4.146343934682342,4.146343934682342
1790,4.146343934682342,4.146343934682342,4.146343934682342,4.146343934682342,4.146343934682342,4.146343934682342,4.146343934682342
1791,4.146343934682342,4.146343934682342,4.146343934682342,4.146343934682342,4.146343934682342,4.146343934682342,4.146343934682342
1792,4.146343934682342,4.146343934682342,4.146343934682342,4.146343934682342,4.146343934682342,4.146343934682342,4.146343934682342
1793,4.146343934682342,4.146343934682342,4.146343934682342,4.146343934682342,4.146343934682342,4.146343934682342,4.146343934682342
1794,4.146343934682342,4.146343934682342,4.146343934682342,4.146343934682342,4.146343934682342,4.146343934682342,4.146343934682342
1795,4.146343934682342,4.146343934682342,4.146343934682342,4.146343934682342,4.146343934682342,4.146343934682342,4.146343934682342
1796,4.146343934682342,4.146343934682342,4.146343934682342,4.146343934682342,4.146343934682342,4.146343934682342,4.146343934682342
1797,4.146343934682342,4.146343934682342,4.146343934682342,4.146343934682342,4.146343934682342,4.146343934682342,4.146343934682342
1798,4.146343934682342,4.146343934682342,4.146343934682342,4.146343934682342,4.146343934682342,4.146343934682342,4.146343934682342
1799,4.146343934682342,4.146343934682342,4.146343934682342,4.146343934682342,4.146343934682342,4.146343934682342,4.146343934682342
1800,4.146343934682342,4.146343934682342,4.146343934682342,4.146343934682342,4.146343934682342,4.146343934682342,4.146343934682342
1801,4.146343934682342,4.146343934682342,4.146343934682342,4.146343934682342,4.146343934682342,4.146343934682342,4.146343934682342
1802,4.146343934682342,4.146343934682342,4.146343934682342,4.146343934682342,4.146343934682342,4.146343934682342,4.146343934682342
1803,4.146343934682342,4.146343934682342,4.146343934682342,4.146343934682342,4.146343934682342,4.146343934682342,4.146343934682342
1804,4.146343934682342,4.146343934682342,4.146343934682342,4.146343934682342,4.146343934682342,4.146343934682342,4.146343934682342
1805,4.146343934682342,4.146343934682342,4.146343934682342,4.146343934682342,4.146343934682342,4.146343934682342,4.146343934682342
1806,4.146343934682342,4.146343934682342,4.146343934682342,4.146343934682342,4.146343934682342,4.146343934682342,4.146343934682342
1807,4.146343934682342,4.146343934682342,4.146343934682342,4.146343934682342,4.146343934682342,4.146343934682342,4.146343934682342
1808,4.146343934682342,4.146343934682342,4.146343934682342,4.146343934682342,4.146343934682342,4.146343934682342,4.146343934682342
1809,4.146343934682342,4.146343934682342,4.146343934682342,4.146343934682342,4.146343934682342,4.146343934682342,4.146343934682342
1810,4.146343934682342,4.146343934682342,4.146343934682342,4.146343934682342,4.146343934682342,4.146343934682342,4.146343934682342
1811,4.146343934682342,4.146343934682342,4.146343934682342,4.146343934682342,4.146343934682342,4.146343934682342,4.146343934682342
1812,4.146343934682342,4.146343934682342,4.146343934682342,4.146343934682342,4.146343934682342,4.146343934682342,4.146343934682342
1813,4.146343934682342,4.146343934682342,4.146343934682342,4.146343934682342,4.146343934682342,4.146343934682342,4.146343934682342
1814,4.146343934682342,4.146343934682342,4.146343934682342,4.146343934682342,4.146343934682342,4.146343934682342,4.146343934682342
1815,4.146343934682342,4.146343934682342,4.146343934682342,4.146343934682342,4.146343934682342,4.146343934682342,4.146343934682342
1816,4.146343934682342,4.146343934682342,4.146343934682342,4.146343934682342,4.146343934682342,4.146343934682342,4.146343934682342
1817,4.146343934682342,4.146343934682342,4.146343934682342,4.146343934682342,4.146343934682342,4.146343934682342,4.146343934682342
1818,4.146343934682342,4.146343934682342,4.146343934682342,4.146343934682342,4.146343934682342,4.146343934682342,4.146343934682342
1819,4.146343934682342,4.146343934682342,4.146343934682342,4.146343934682342,4.146343934682342,4.146343934682342,4.146343934682342
1820,4.146343934682342,4.146343934682342,4.146343934682342,4.146343934682342,4.146343934682342,4.146343934682342,4.146343934682342
1821,4.146343934682342,4.146343934682342,4.146343934682342,4.146343934682342,4.146343934682342,4.146343934682342,4.146343934682342
1822,4.146343934682342,4.146343934682342,4.146343934682342,4.146343934682342,4.146343934682342,4.146343934682342,4.146343934682342
1823,4.146343934682342,4.146343934682342,4.146343934682342,4.146343934682342,4.146343934682342,4.146343934682342,4.146343934682342
1824,4.146343934682342,4.146343934682342,4.146343934682342,4.146343934682342,4.146343934682342,4.146343934682342,4.146343934682342
1825,1.2439031804047025,1.2439031804047025,1.2439031804047025,1.2439031804047025,1.2439031804047025,1.2439031804047025,1.2439031804047025
1826,1.2439031804047025,1.2439031804047025,1.2439031804047025,1.2439031804047025,1.2439031804047025,1.2439031804047025,1.2439031804047025
1827,1.2439031804047025,1.2439031804047025,1.2439031804047025,1.2439031804047025,1.2439031804047025,1.2439031804047025,1.2439031804047025
1828,1.2439031804047025,1.2439031804047025,1.2439031804047025,1.2439031804047025,1.2439031804047025,1.2439031804047025,1.2439031804047025
1829,1.2439031804047025,1.2439031804047025,1.2439031804047025,1.2439031804047025,1.2439031804047025,1.2439031804047025,1.2439031804047025
1830,1.2439031804047025,1.2439031804047025,1.2439031804047025,1.2439031804047025,1.2439031804047025,1.2439031804047025,1.2439031804047025
1831,1.2439031804047025,1.2439031804047025,1.2439031804047025,1.2439031804047025,1.2439031804047025,1.2439031804047025,1.2439031804047025
1832,1.2439031804047025,1.2439031804047025,1.2439031804047025,1.2439031804047025,1.2439031804047025,1.2439031804047025,1.2439031804047025
1833,1.2439031804047025,1.2439031804047025,1.2439031804047025,1.2439031804047025,1.2439031804047025,1.2439031804047025,1.2439031804047025
1834,1.2439031804047025,1.2439031804047025,1.2439031804047025,1.2439031804047025,1.2439031804047025,1.2439031804047025,1.2439031804047025
1835,1.2439031804047025,1.2439031804047025,1.2439031804047025,1.2439031804047025,1.2439031804047025,1.2439031804047025,1.2439031804047025
1836,1.2439031804047025,1.2439031804047025,1.2439031804047025,1.2439031804047025,1.2439031804047025,1.2439031804047025,1.2439031804047025
1837,1.2439031804047025,1.2439031804047025,1.2439031804047025,1.2439031804047025,1.2439031804047025,1.2439031804047025,1.2439031804047025
1838,1.2439031804047025,1.2439031804047025,1.2439031804047025,1.2439031804047025,1.2439031804047025,1.2439031804047025,1.2439031804047025
1839,1.2439031804047025,1.2439031804047025,1.2439031804047025,1.2439031804047025,1.2439031804047025,1.2439031804047025,1.2439031804047025
1840,1.2439031804047025,1.2439031804047025,1.2439031804047025,1.2439031804047025,1.2439031804047025,1.2439031804047025,1.2439031804047025
1841,1.2439031804047025,1.2439031804047025,1.2439031804047025,1.2439031804047025,1.2439031804047025,1.2439031804047025,1.2439031804047025
1842,20.155560515274306,20.155560515274306,20.155560515274306,20.155560515274306,20.155560515274306,20.155560515274306,20.155560515274306
1843,36.03078563721538,36.03078563721538,36.03078563721538,36.03078563721538,36.03078563721538,36.03078563721538,36.03078563721538
1844,51.61796239866792,51.61796239866792,51.61796239866792,51.61796239866792,51.61796239866792,51.61796239866792,51.61796239866792
1845,62.225316641639424,62.225316641639424,62.225316641639424,62.225316641639424,62.225316641639424,62.225316641639424,62.225316641639424
1846,76.83673876153676,76.83673876153676,76.83673876153676,76.83673876153676,76.83673876153676,76.83673876153676,76.83673876153676
1847,104.58288441647825,104.58288441647825,104.58288441647825,104.58288441647825,104.58288441647825,104.58288441647825,104.58288441647825
1848,118.2629852693501,118.2629852693501,118.2629852693501,118.2629852693501,118.2629852693501,118.2629852693501,118.2629852693501
1849,150.59723164443878,150.59723164443878,150.59723164443878,150.59723164443878,150.59723164443878,150.59723164443878,150.59723164443878
1850,194.69731438799406,194.69731438799406,194.69731438799406,194.69731438799406,194.69731438799406,194.69731438799406,194.69731438799406
1851,209.53089112217253,209.53089112217253,209.53089112217253,209.53089112217253,209.53089112217253,209.53089112217253,209.53089112217253
1852,210.71851158660294,210.71851158660294,210.71851158660294,210.71851158660294,210.71851158660294,210.71851158660294,210.71851158660294
1853,204.73159525404873,204.73159525404873,204.73159525404873,204.73159525404873,204.73159525404873,204.73159525404873,204.73159525404873
1854,198.36165040806605,198.36165040806605,198.36165040806605,198.36165040806605,198.36165040806605,198.36165040806605,198.36165040806605
1855,191.11026558393496,191.11026558393496,191.11026558393496,191.11026558393496,191.11026558393496,191.11026558393496,191.11026558393496
1856,1.2439031804047025,1.2439031804047025,1.2439031804047025,1.2439031804047025,1.2439031804047025,1.2439031804047025,1.2439031804047025
1857,1.2439031804047025,1.2439031804047025,1.2439031804047025,1.2439031804047025,1.2439031804047025,1.2439031804047025,1.2439031804047025
1858,1.2439031804047025,1.2439031804047025,1.2439031804047025,1.2439031804047025,1.2439031804047025,1.2439031804047025,1.2439031804047025
1859,1.2439031804047025,1.2439031804047025,1.2439031804047025,1.2439031804047025,1.2439031804047025,1.2439031804047025,1.2439031804047025
1860,1.2439031804047025,1.2439031804047025,1.2439031804047025,1.2439031804047025,1.2439031804047025,1.2439031804047025,1.2439031804047025
1861,1.2439031804047025,1.2439031804047025,1.2439031804047025,1.2439031804047025,1.2439031804047025,1.2439031804047025,1.2439031804047025
1862,1.2439031804047025,1.2439031804047025,1.2439031804047025,1.2439031804047025,1.2439031804047025,1.2439031804047025,1.2439031804047025
1863,1.2439031804047025,1.2439031804047025,1.2439031804047025,1.2439031804047025,1.2439031804047025,1.2439031804047025,1.2439031804047025
1864,1.2439031804047025,1.2439031804047025,1.2439031804047025,1.2439031804047025,1.2439031804047025,1.2439031804047025,1.2439031804047025
1865,1.2439031804047025,1.2439031804047025,1.2439031804047025,1.2439031804047025,1.2439031804047025,1.2439031804047025,1.2439031804047025
1866,1.2439031804047025,1.2439031804047025,1.2439031804047025,1.2439031804047025,1.2439031804047025,1.2439031804047025,1.2439031804047025
1867,1.2439031804047025,1.2439031804047025,1.2439031804047025,1.2439031804047025,1.2439031804047025,1.2439031804047025,1.2439031804047025
1868,1.2439031804047025,1.2439031804047025,1.2439031804047025,1.2439031804047025,1.2439031804047025,1.2439031804047025,1.2439031804047025
1869,1.2439031804047025,1.2439031804047025,1.2439031804047025,1.2439031804047025,1.2439031804047025,1.2439031804047025,1.2439031804047025
1870,1.2439031804047025,1.2439031804047025,1.2439031804047025,1.2439031804047025,1.2439031804047025,1.2439031804047025,1.2439031804047025
1871,1.2439031804047025,1.2439031804047025,1.2439031804047025,1.2439031804047025,1.2439031804047025,1.2439031804047025,1.2439031804047025
1872,1.2439031804047025,1.2439031804047025,1.2439031804047025,1.2439031804047025,1.2439031804047025,1.2439031804047025,1.2439031804047025
1873,1.2439031804047025,1.2439031804047025,1.2439031804047025,1.2439031804047025,1.2439031804047025,1.2439031804047025,1.2439031804047025
1874,1.2439031804047025,1.2439031804047025,1.2439031804047025,1.2439031804047025,1.2439031804047025,1.2439031804047025,1.2439031804047025
1875,1.2439031804047025,1.2439031804047025,1.2439031804047025,1.2439031804047025,1.2439031804047025,1.2439031804047025,1.2439031804047025
1876,1.2439031804047025,1.2439031804047025,1.2439031804047025,1.2439031804047025,1.2439031804047025,1.2439031804047025,1.2439031804047025
1877,1.2439031804047025,1.2439031804047025,1.2439031804047025,1.2439031804047025,1.2439031804047025,1.2439031804047025,1.2439031804047025
1878,1.2439031804047025,1.2439031804047025,1.2439031804047025,1.2439031804047025,1.2439031804047025,1.2439031804047025,1.2439031804047025
1879,1.2439031804047025,1.2439031804047025,1.2439031804047025,1.2439031804047025,1.2439031804047025,1.2439031804047025,1.2439031804047025
1880,1.2439031804047025,1.2439031804047025,1.2439031804047025,1.2439031804047025,1.2439031804047025,1.2439031804047025,1.2439031804047025
1881,1.2439031804047025,1.2439031804047025,1.2439031804047025,1.2439031804047025,1.2439031804047025,1.2439031804047025,1.2439031804047025
1882,1.2439031804047025,1.2439031804047025,1.2439031804047025,1.2439031804047025,1.2439031804047025,1.2439031804047025,1.2439031804047025
1883,1.2439031804047025,1.2439031804047025,1.2439031804047025,1.2439031804047025,1.2439031804047025,1.2439031804047025,1.2439031804047025
1884,1.2439031804047025,1.2439031804047025,1.2439031804047025,1.2439031804047025,1.2439031804047025,1.2439031804047025,1.2439031804047025
1885,1.2439031804047025,1.2439031804047025,1.2439031804047025,1.2439031804047025,1.2439031804047025,1.2439031804047025,1.2439031804047025
1886,1.2439031804047025,1.2439031804047025,1.2439031804047025,1.2439031804047025,1.2439031804047025,1.2439031804047025,1.2439031804047025
1887,1.2439031804047025,1.2439031804047025,1.2439031804047025,1.2439031804047025,1.2439031804047025,1.2439031804047025,1.2439031804047025
1888,1.2439031804047025,1.2439031804047025,1.2439031804047025,1.2439031804047025,1.2439031804047025,1.2439031804047025,1.2439031804047025
1889,1.2439031804047025,1.2439031804047025,1.2439031804047025,1.2439031804047025,1.2439031804047025,1.2439031804047025,1.2439031804047025
1890,1.2439031804047025,1.2439031804047025,1.2439031804047025,1.2439031804047025,1.2439031804047025,1.2439031804047025,1.2439031804047025
1891,1.2439031804047025,1.2439031804047025,1.2439031804047025,1.2439031804047025,1.2439031804047025,1.2439031804047025,1.2439031804047025
1892,1.2439031804047025,1.2439031804047025,1.2439031804047025,1.2439031804047025,1.2439031804047025,1.2439031804047025,1.2439031804047025
1893,1.2439031804047025,1.2439031804047025,1.2439031804047025,1.2439031804047025,1.2439031804047025,1.2439031804047025,1.2439031804047025
1894,1.2439031804047025,1.2439031804047025,1.2439031804047025,1.2439031804047025,1.2439031804047025,1.2439031804047025,1.2439031804047025
1895,1.2439031804047025,1.2439031804047025,1.2439031804047025,1.2439031804047025,1.2439031804047025,1.2439031804047025,1.2439031804047025
1896,1.2439031804047025,1.2439031804047025,1.2439031804047025,1.2439031804047025,1.2439031804047025,1.2439031804047025,1.2439031804047025
1897,1.2439031804047025,1.2439031804047025,1.2439031804047025,1.2439031804047025,1.2439031804047025,1.2439031804047025,1.2439031804047025
1898,1.2439031804047025,1.2439031804047025,1.2439031804047025,1.2439031804047025,1.2439031804047025,1.2439031804047025,1.2439031804047025
1899,1.2439031804047025,1.2439031804047025,1.2439031804047025,1.2439031804047025,1.2439031804047025,1.2439031804047025,1.2439031804047025
1900,1.2439031804047025,1.2439031804047025,1.2439031804047025,1.2439031804047025,1.2439031804047025,1.2439031804047025,1.2439031804047025
1901,1.2439031804047025,1.2439031804047025,1.2439031804047025,1.2439031804047025,1.2439031804047025,1.2439031804047025,1.2439031804047025
1902,1.2439031804047025,1.2439031804047025,1.2439031804047025,1.2439031804047025,1.2439031804047025,1.2439031804047025,1.2439031804047025
1903,1.2439031804047025,1.2439031804047025,1.2439031804047025,1.2439031804047025,1.2439031804047025,1.2439031804047025,1.2439031804047025
1904,1.2439031804047025,1.2439031804047025,1.2439031804047025,1.2439031804047025,1.2439031804047025,1.2439031804047025,1.2439031804047025
1905,1.2439031804047025,1.2439031804047025,1.2439031804047025,1.2439031804047025,1.2439031804047025,1.2439031804047025,1.2439031804047025
1906,1.2439031804047025,1.2439031804047025,1.2439031804047025,1.2439031804047025,1.2439031804047025,1.2439031804047025,1.2439031804047025
1907,1.2439031804047025,1.2439031804047025,1.2439031804047025,1.2439031804047025,1.2439031804047025,1.2439031804047025,1.2439031804047025
1908,1.2439031804047025,1.2439031804047025,1.2439031804047025,1.2439031804047025,1.2439031804047025,1.2439031804047025,1.2439031804047025
1909,1.2439031804047025,1.2439031804047025,1.2439031804047025,1.2439031804047025,1.2439031804047025,1.2439031804047025,1.2439031804047025
1910,1.2439031804047025,1.2439031804047025,1.2439031804047025,1.2439031804047025,1.2439031804047025,1.2439031804047025,1.2439031804047025
1911,1.2439031804047025,1.2439031804047025,1.2439031804047025,1.2439031804047025,1.2439031804047025,1.2439031804047025,1.2439031804047025
1912,1.2439031804047025,1.2439031804047025,1.2439031804047025,1.2439031804047025,1.2439031804047025,1.2439031804047025,1.2439031804047025
1913,1.2439031804047025,1.2439031804047025,1.2439031804047025,1.2439031804047025,1.2439031804047025,1.2439031804047025,1.2439031804047025
1914,1.2439031804047025,1.2439031804047025,1.2439031804047025,1.2439031804047025,1.2439031804047025,1.2439031804047025,1.2439031804047025
1915,1.2439031804047025,1.2439031804047025,1.2439031804047025,1.2439031804047025,1.2439031804047025,1.2439031804047025,1.2439031804047025
1916,1.2439031804047025,1.2439031804047025,1.2439031804047025,1.2439031804047025,1.2439031804047025,1.2439031804047025,1.2439031804047025
1917,1.2439031804047025,1.2439031804047025,1.2439031804047025,1.2439031804047025,1.2439031804047025,1.2439031804047025,1.2439031804047025
1918,1.2439031804047025,1.2439031804047025,1.2439031804047025,1.2439031804047025,1.2439031804047025,1.2439031804047025,1.2439031804047025
1919,1.2439031804047025,1.2439031804047025,1.2439031804047025,1.2439031804047025,1.2439031804047025,1.2439031804047025,1.2439031804047025
1920,1.2439031804047025,1.2439031804047025,1.2439031804047025,1.2439031804047025,1.2439031804047025,1.2439031804047025,1.2439031804047025
1921,1.2439031804047025,1.2439031804047025,1.2439031804047025,1.2439031804047025,1.2439031804047025,1.2439031804047025,1.2439031804047025
1922,1.2439031804047025,1.2439031804047025,1.2439031804047025,1.2439031804047025,1.2439031804047025,1.2439031804047025,1.2439031804047025
1923,1.2439031804047025,1.2439031804047025,1.2439031804047025,1.2439031804047025,1.2439031804047025,1.2439031804047025,1.2439031804047025
1924,1.2439031804047025,1.2439031804047025,1.2439031804047025,1.2439031804047025,1.2439031804047025,1.2439031804047025,1.2439031804047025
1925,1.2439031804047025,1.2439031804047025,1.2439031804047025,1.2439031804047025,1.2439031804047025,1.2439031804047025,1.2439031804047025
1926,1.2439031804047025,1.2439031804047025,1.2439031804047025,1.2439031804047025,1.2439031804047025,1.2439031804047025,1.2439031804047025
1927,1.2439031804047025,1.2439031804047025,1.2439031804047025,1.2439031804047025,1.2439031804047025,1.2439031804047025,1.2439031804047025
1928,1.2439031804047025,1.2439031804047025,1.2439031804047025,1.2439031804047025,1.2439031804047025,1.2439031804047025,1.2439031804047025
1929,1.2439031804047025,1.2439031804047025,1.2439031804047025,1.2439031804047025,1.2439031804047025,1.2439031804047025,1.2439031804047025
1930,1.2439031804047025,1.2439031804047025,1.2439031804047025,1.2439031804047025,1.2439031804047025,1.2439031804047025,1.2439031804047025
1931,1.2439031804047025,1.2439031804047025,1.2439031804047025,1.2439031804047025,1.2439031804047025,1.2439031804047025,1.2439031804047025
1932,1.2439031804047025,1.2439031804047025,1.2439031804047025,1.2439031804047025,1.2439031804047025,1.2439031804047025,1.2439031804047025
1933,1.2439031804047025,1.2439031804047025,1.2439031804047025,1.2439031804047025,1.2439031804047025,1.2439031804047025,1.2439031804047025
1934,1.2439031804047025,1.2439031804047025,1.2439031804047025,1.2439031804047025,1.2439031804047025,1.2439031804047025,1.2439031804047025
1935,1.2439031804047025,1.2439031804047025,1.2439031804047025,1.2439031804047025,1.2439031804047025,1.2439031804047025,1.2439031804047025
1936,1.2439031804047025,1.2439031804047025,1.2439031804047025,1.2439031804047025,1.2439031804047025,1.2439031804047025,1.2439031804047025
1937,1.2439031804047025,1.2439031804047025,1.2439031804047025,1.2439031804047025,1.2439031804047025,1.2439031804047025,1.2439031804047025
1938,1.2439031804047025,1.2439031804047025,1.2439031804047025,1.2439031804047025,1.2439031804047025,1.2439031804047025,1.2439031804047025
1939,1.2439031804047025,1.2439031804047025,1.2439031804047025,1.2439031804047025,1.2439031804047025,1.2439031804047025,1.2439031804047025
1940,1.2439031804047025,1.2439031804047025,1.2439031804047025,1.2439031804047025,1.2439031804047025,1.2439031804047025,1.2439031804047025
1941,1.2439031804047025,1.2439031804047025,1.2439031804047025,1.2439031804047025,1.2439031804047025,1.2439031804047025,1.2439031804047025
1942,1.2439031804047025,1.2439031804047025,1.2439031804047025,1.2439031804047025,1.2439031804047025,1.2439031804047025,1.2439031804047025
1943,1.2439031804047025,1.2439031804047025,1.2439031804047025,1.2439031804047025,1.2439031804047025,1.2439031804047025,1.2439031804047025
1944,1.2439031804047025,1.2439031804047025,1.2439031804047025,1.2439031804047025,1.2439031804047025,1.2439031804047025,1.2439031804047025
1945,1.2439031804047025,1.2439031804047025,1.2439031804047025,1.2439031804047025,1.2439031804047025,1.2439031804047025,1.2439031804047025
1946,1.2439031804047025,1.2439031804047025,1.2439031804047025,1.2439031804047025,1.2439031804047025,1.2439031804047025,1.2439031804047025
1947,1.2439031804047025,1.2439031804047025,1.2439031804047025,1.2439031804047025,1.2439031804047025,1.2439031804047025,1.2439031804047025
1948,1.2439031804047025,1.2439031804047025,1.2439031804047025,1.2439031804047025,1.2439031804047025,1.2439031804047025,1.2439031804047025
1949,1.2439031804047025,1.2439031804047025,1.2439031804047025,1.2439031804047025,1.2439031804047025,1.2439031804047025,1.2439031804047025
1950,1.2439031804047025,1.2439031804047025,1.2439031804047025,1.2439031804047025,1.2439031804047025,1.2439031804047025,1.2439031804047025
1951,1.2439031804047025,1.2439031804047025,1.2439031804047025,1.2439031804047025,1.2439031804047025,1.2439031804047025,1.2439031804047025
1952,1.2439031804047025,1.2439031804047025,1.2439031804047025,1.2439031804047025,1.2439031804047025,1.2439031804047025,1.2439031804047025
1953,1.2439031804047025,1.2439031804047025,1.2439031804047025,1.2439031804047025,1.2439031804047025,1.2439031804047025,1.2439031804047025
1954,1.2439031804047025,1.2439031804047025,1.2439031804047025,1.2439031804047025,1.2439031804047025,1.2439031804047025,1.2439031804047025
1955,1.2439031804047025,1.2439031804047025,1.2439031804047025,1.2439031804047025,1.2439031804047025,1.2439031804047025,1.2439031804047025
1956,1.2439031804047025,1.2439031804047025,1.2439031804047025,1.2439031804047025,1.2439031804047025,1.2439031804047025,1.2439031804047025
1957,1.2439031804047025,1.2439031804047025,1.2439031804047025,1.2439031804047025,1.2439031804047025,1.2439031804047025,1.2439031804047025
1958,1.2439031804047025,1.2439031804047025,1.2439031804047025,1.2439031804047025,1.2439031804047025,1.2439031804047025,1.2439031804047025
1959,1.2439031804047025,1.2439031804047025,1.2439031804047025,1.2439031804047025,1.2439031804047025,1.2439031804047025,1.2439031804047025
1960,1.2439031804047025,1.2439031804047025,1.2439031804047025,1.2439031804047025,1.2439031804047025,1.2439031804047025,1.2439031804047025
1961,1.2439031804047025,1.2439031804047025,1.2439031804047025,1.2439031804047025,1.2439031804047025,1.2439031804047025,1.2439031804047025
1962,1.2439031804047025,1.2439031804047025,1.2439031804047025,1.2439031804047025,1.2439031804047025,1.2439031804047025,1.2439031804047025
1963,1.2439031804047025,1.2439031804047025,1.2439031804047025,1.2439031804047025,1.2439031804047025,1.2439031804047025,1.2439031804047025
1964,1.2439031804047025,1.2439031804047025,1.2439031804047025,1.2439031804047025,1.2439031804047025,1.2439031804047025,1.2439031804047025
1965,1.2439031804047025,1.2439031804047025,1.2439031804047025,1.2439031804047025,1.2439031804047025,1.2439031804047025,1.2439031804047025
1966,1.2439031804047025,1.2439031804047025,1.2439031804047025,1.2439031804047025,1.2439031804047025,1.2439031804047025,1.2439031804047025
1967,1.2439031804047025,1.2439031804047025,1.2439031804047025,1.2439031804047025,1.2439031804047025,1.2439031804047025,1.2439031804047025
1968,1.2439031804047025,1.2439031804047025,1.2439031804047025,1.2439031804047025,1.2439031804047025,1.2439031804047025,1.2439031804047025
1969,1.2439031804047025,1.2439031804047025,1.2439031804047025,1.2439031804047025,1.2439031804047025,1.2439031804047025,1.2439031804047025
1970,1.2439031804047025,1.2439031804047025,1.2439031804047025,1.2439031804047025,1.2439031804047025,1.2439031804047025,1.2439031804047025
1971,1.2439031804047025,1.2439031804047025,1.2439031804047025,1.2439031804047025,1.2439031804047025,1.2439031804047025,1.2439031804047025
1972,1.2439031804047025,1.2439031804047025,1.2439031804047025,1.2439031804047025,1.2439031804047025,1.2439031804047025,1.2439031804047025
1973,1.2439031804047025,1.2439031804047025,1.2439031804047025,1.2439031804047025,1.2439031804047025,1.2439031804047025,1.2439031804047025
1974,1.2439031804047025,1.2439031804047025,1.2439031804047025,1.2439031804047025,1.2439031804047025,1.2439031804047025,1.2439031804047025
1975,1.2439031804047025,1.2439031804047025,1.2439031804047025,1.2439031804047025,1.2439031804047025,1.2439031804047025,1.2439031804047025
1976,1.2439031804047025,1.2439031804047025,1.2439031804047025,1.2439031804047025,1.2439031804047025,1.2439031804047025,1.2439031804047025
1977,1.2439031804047025,1.2439031804047025,1.2439031804047025,1.2439031804047025,1.2439031804047025,1.2439031804047025,1.2439031804047025
1978,1.2439031804047025,1.2439031804047025,1.2439031804047025,1.2439031804047025,1.2439031804047025,1.2439031804047025,1.2439031804047025
1979,1.2439031804047025,1.2439031804047025,1.2439031804047025,1.2439031804047025,1.2439031804047025,1.2439031804047025,1.2439031804047025
1980,1.2439031804047025,1.2439031804047025,1.2439031804047025,1.2439031804047025,1.2439031804047025,1.2439031804047025,1.2439031804047025
1981,1.2439031804047025,1.2439031804047025,1.2439031804047025,1.2439031804047025,1.2439031804047025,1.2439031804047025,1.2439031804047025
1982,1.2439031804047025,1.2439031804047025,1.2439031804047025,1.2439031804047025,1.2439031804047025,1.2439031804047025,1.2439031804047025
1983,1.2439031804047025,1.2439031804047025,1.2439031804047025,1.2439031804047025,1.2439031804047025,1.2439031804047025,1.2439031804047025
1984,1.2439031804047025,1.2439031804047025,1.2439031804047025,1.2439031804047025,1.2439031804047025,1.2439031804047025,1.2439031804047025
1985,1.2439031804047025,1.2439031804047025,1.2439031804047025,1.2439031804047025,1.2439031804047025,1.2439031804047025,1.2439031804047025
1986,1.2439031804047025,1.2439031804047025,1.2439031804047025,1.2439031804047025,1.2439031804047025,1.2439031804047025,1.2439031804047025
1987,1.2439031804047025,1.2439031804047025,1.2439031804047025,1.2439031804047025,1.2439031804047025,1.2439031804047025,1.2439031804047025
1988,1.2439031804047025,1.2439031804047025,1.2439031804047025,1.2439031804047025,1.2439031804047025,1.2439031804047025,1.2439031804047025
1989,1.2439031804047025,1.2439031804047025,1.2439031804047025,1.2439031804047025,1.2439031804047025,1.2439031804047025,1.2439031804047025
1990,1.2439031804047025,1.2439031804047025,1.2439031804047025,1.2439031804047025,1.2439031804047025,1.2439031804047025,1.2439031804047025
1991,1.2439031804047025,1.2439031804047025,1.2439031804047025,1.2439031804047025,1.2439031804047025,1.2439031804047025,1.2439031804047025
1992,1.2439031804047025,1.2439031804047025,1.2439031804047025,1.2439031804047025,1.2439031804047025,1.2439031804047025,1.2439031804047025
1993,1.2439031804047025,1.2439031804047025,1.2439031804047025,1.2439031804047025,1.2439031804047025,1.2439031804047025,1.2439031804047025
1994,1.2439031804047025,1.2439031804047025,1.2439031804047025,1.2439031804047025,1.2439031804047025,1.2439031804047025,1.2439031804047025
1995,1.2439031804047025,1.2439031804047025,1.2439031804047025,1.2439031804047025,1.2439031804047025,1.2439031804047025,1.2439031804047025
1996,1.2439031804047025,1.2439031804047025,1.2439031804047025,1.2439031804047025,1.2439031804047025,1.2439031804047025,1.2439031804047025
1997,1.2439031804047025,1.2439031804047025,1.2439031804047025,1.2439031804047025,1.2439031804047025,1.2439031804047025,1.2439031804047025
1998,1.2439031804047025,1.2439031804047025,1.2439031804047025,1.2439031804047025,1.2439031804047025,1.2439031804047025,1.2439031804047025
1999,1.2439031804047025,1.2439031804047025,1.2439031804047025,1.2439031804047025,1.2439031804047025,1.2439031804047025,1.2439031804047025
2000,1.2439031804047025,1.2439031804047025,1.2439031804047025,1.2439031804047025,1.2439031804047025,1.2439031804047025,1.2439031804047025
2001,1.2439031804047025,1.2439031804047025,1.2439031804047025,1.2439031804047025,1.2439031804047025,1.2439031804047025,1.2439031804047025
2002,1.2439031804047025,1.2439031804047025,1.2439031804047025,1.2439031804047025,1.2439031804047025,1.2439031804047025,1.2439031804047025
2003,1.2439031804047025,1.2439031804047025,1.2439031804047025,1.2439031804047025,1.2439031804047025,1.2439031804047025,1.2439031804047025
2004,1.2439031804047025,1.2439031804047025,1.2439031804047025,1.2439031804047025,1.2439031804047025,1.2439031804047025,1.2439031804047025
2005,1.2439031804047025,1.2439031804047025,1.2439031804047025,1.2439031804047025,1.2439031804047025,1.2439031804047025,1.2439031804047025
2006,1.2439031804047025,1.2439031804047025,1.2439031804047025,1.2439031804047025,1.2439031804047025,1.2439031804047025,1.2439031804047025
2007,1.2439031804047025,1.2439031804047025,1.2439031804047025,1.2439031804047025,1.2439031804047025,1.2439031804047025,1.2439031804047025
2008,1.2439031804047025,1.2439031804047025,1.2439031804047025,1.2439031804047025,1.2439031804047025,1.2439031804047025,1.2439031804047025
2009,1.2439031804047025,1.2439031804047025,1.2439031804047025,1.2439031804047025,1.2439031804047025,1.2439031804047025,1.2439031804047025
2010,1.2439031804047025,1.2439031804047025,1.2439031804047025,1.2439031804047025,1.2439031804047025,1.2439031804047025,1.2439031804047025
2011,1.2439031804047025,1.2439031804047025,1.2439031804047025,1.2439031804047025,1.2439031804047025,1.2439031804047025,1.2439031804047025
2012,1.2439031804047025,1.2439031804047025,1.2439031804047025,1.2439031804047025,1.2439031804047025,1.2439031804047025,1.2439031804047025
2013,1.2439031804047025,1.2439031804047025,1.2439031804047025,1.2439031804047025,1.2439031804047025,1.2439031804047025,1.2439031804047025
2014,1.2439031804047025,1.2439031804047025,1.2439031804047025,1.2439031804047025,1.2439031804047025,1.2439031804047025,1.2439031804047025
2015,1.2439031804047025,1.2439031804047025,1.2439031804047025,1.2439031804047025,1.2439031804047025,1.2439031804047025,1.2439031804047025
2016,1.2439031804047025,1.2439031804047025,1.2439031804047025,1.2439031804047025,1.2439031804047025,1.2439031804047025,1.2439031804047025
2017,1.2439031804047025,1.2439031804047025,1.2439031804047025,1.2439031804047025,1.2439031804047025,1.2439031804047025,1.2439031804047025
2018,1.2439031804047025,1.2439031804047025,1.2439031804047025,1.2439031804047025,1.2439031804047025,1.2439031804047025,1.2439031804047025
2019,1.2439031804047025,1.2439031804047025,1.2439031804047025,1.2439031804047025,1.2439031804047025,1.2439031804047025,1.2439031804047025
2020,1.2439031804047025,1.2439031804047025,1.2439031804047025,1.2439031804047025,1.2439031804047025,1.2439031804047025,1.2439031804047025
2021,1.2439031804047025,1.2439031804047025,1.2439031804047025,1.2439031804047025,1.2439031804047025,1.2439031804047025,1.2439031804047025
2022,1.2439031804047025,1.2439031804047025,1.2439031804047025,1.2439031804047025,1.2439031804047025,1.2439031804047025,1.2439031804047025
2023,1.2439031804047025,1.2439031804047025,1.2439031804047025,1.2439031804047025,1.2439031804047025,1.2439031804047025,1.2439031804047025
2024,1.2439031804047025,1.2439031804047025,1.2439031804047025,1.2439031804047025,1.2439031804047025,1.2439031804047025,1.2439031804047025
2025,1.2439031804047025,1.2439031804047025,1.2439031804047025,1.2439031804047025,1.2439031804047025,1.2439031804047025,1.2439031804047025
2026,1.2439031804047025,1.2439031804047025,1.2439031804047025,1.2439031804047025,1.2439031804047025,1.2439031804047025,1.2439031804047025
2027,1.2439031804047025,1.2439031804047025,1.2439031804047025,1.2439031804047025,1.2439031804047025,1.2439031804047025,1.2439031804047025
2028,1.2439031804047025,1.2439031804047025,1.2439031804047025,1.2439031804047025,1.2439031804047025,1.2439031804047025,1.2439031804047025
2029,1.2439031804047025,1.2439031804047025,1.2439031804047025,1.2439031804047025,1.2439031804047025,1.2439031804047025,1.2439031804047025
2030,1.2439031804047025,1.2439031804047025,1.2439031804047025,1.2439031804047025,1.2439031804047025,1.2439031804047025,1.2439031804047025
2031,1.2439031804047025,1.2439031804047025,1.2439031804047025,1.2439031804047025,1.2439031804047025,1.2439031804047025,1.2439031804047025
2032,1.2439031804047025,1.2439031804047025,1.2439031804047025,1.2439031804047025,1.2439031804047025,1.2439031804047025,1.2439031804047025
2033,1.2439031804047025,1.2439031804047025,1.2439031804047025,1.2439031804047025,1.2439031804047025,1.2439031804047025,1.2439031804047025
2034,1.2439031804047025,1.2439031804047025,1.2439031804047025,1.2439031804047025,1.2439031804047025,1.2439031804047025,1.2439031804047025
2035,1.2439031804047025,1.2439031804047025,1.2439031804047025,1.2439031804047025,1.2439031804047025,1.2439031804047025,1.2439031804047025
2036,1.2439031804047025,1.2439031804047025,1.2439031804047025,1.2439031804047025,1.2439031804047025,1.2439031804047025,1.2439031804047025
2037,1.2439031804047025,1.2439031804047025,1.2439031804047025,1.2439031804047025,1.2439031804047025,1.2439031804047025,1.2439031804047025
2038,1.2439031804047025,1.2439031804047025,1.2439031804047025,1.2439031804047025,1.2439031804047025,1.2439031804047025,1.2439031804047025
2039,1.2439031804047025,1.2439031804047025,1.2439031804047025,1.2439031804047025,1.2439031804047025,1.2439031804047025,1.2439031804047025
2040,1.2439031804047025,1.2439031804047025,1.2439031804047025,1.2439031804047025,1.2439031804047025,1.2439031804047025,1.2439031804047025
2041,1.2439031804047025,1.2439031804047025,1.2439031804047025,1.2439031804047025,1.2439031804047025,1.2439031804047025,1.2439031804047025
2042,1.2439031804047025,1.2439031804047025,1.2439031804047025,1.2439031804047025,1.2439031804047025,1.2439031804047025,1.2439031804047025
2043,1.2439031804047025,1.2439031804047025,1.2439031804047025,1.2439031804047025,1.2439031804047025,1.2439031804047025,1.2439031804047025
2044,1.2439031804047025,1.2439031804047025,1.2439031804047025,1.2439031804047025,1.2439031804047025,1.2439031804047025,1.2439031804047025
2045,1.2439031804047025,1.2439031804047025,1.2439031804047025,1.2439031804047025,1.2439031804047025,1.2439031804047025,1.2439031804047025
2046,1.2439031804047025,1.2439031804047025,1.2439031804047025,1.2439031804047025,1.2439031804047025,1.2439031804047025,1.2439031804047025
2047,1.2439031804047025,1.2439031804047025,1.2439031804047025,1.2439031804047025,1.2439031804047025,1.2439031804047025,1.2439031804047025
2048,1.2439031804047025,1.2439031804047025,1.2439031804047025,1.2439031804047025,1.2439031804047025,1.2439031804047025,1.2439031804047025
2049,1.2439031804047025,1.2439031804047025,1.2439031804047025,1.2439031804047025,1.2439031804047025,1.2439031804047025,1.2439031804047025
2050,1.2439031804047025,1.2439031804047025,1.2439031804047025,1.2439031804047025,1.2439031804047025,1.2439031804047025,1.2439031804047025
2051,1.2439031804047025,1.2439031804047025,1.2439031804047025,1.2439031804047025,1.2439031804047025,1.2439031804047025,1.2439031804047025
2052,1.2439031804047025,1.2439031804047025,1.2439031804047025,1.2439031804047025,1.2439031804047025,1.2439031804047025,1.2439031804047025
2053,1.2439031804047025,1.2439031804047025,1.2439031804047025,1.2439031804047025,1.2439031804047025,1.2439031804047025,1.2439031804047025
2054,1.2439031804047025,1.2439031804047025,1.2439031804047025,1.2439031804047025,1.2439031804047025,1.2439031804047025,1.2439031804047025
2055,1.2439031804047025,1.2439031804047025,1.2439031804047025,1.2439031804047025,1.2439031804047025,1.2439031804047025,1.2439031804047025
2056,1.2439031804047025,1.2439031804047025,1.2439031804047025,1.2439031804047025,1.2439031804047025,1.2439031804047025,1.2439031804047025
2057,1.2439031804047025,1.2439031804047025,1.2439031804047025,1.2439031804047025,1.2439031804047025,1.2439031804047025,1.2439031804047025
2058,1.2439031804047025,1.2439031804047025,1.2439031804047025,1.2439031804047025,1.2439031804047025,1.2439031804047025,1.2439031804047025
2059,1.2439031804047025,1.2439031804047025,1.2439031804047025,1.2439031804047025,1.2439031804047025,1.2439031804047025,1.2439031804047025
2060,1.2439031804047025,1.2439031804047025,1.2439031804047025,1.2439031804047025,1.2439031804047025,1.2439031804047025,1.2439031804047025
2061,1.2439031804047025,1.2439031804047025,1.2439031804047025,1.2439031804047025,1.2439031804047025,1.2439031804047025,1.2439031804047025
2062,1.2439031804047025,1.2439031804047025,1.2439031804047025,1.2439031804047025,1.2439031804047025,1.2439031804047025,1.2439031804047025
2063,1.2439031804047025,1.2439031804047025,1.2439031804047025,1.2439031804047025,1.2439031804047025,1.2439031804047025,1.2439031804047025
2064,1.2439031804047025,1.2439031804047025,1.2439031804047025,1.2439031804047025,1.2439031804047025,1.2439031804047025,1.2439031804047025
2065,1.2439031804047025,1.2439031804047025,1.2439031804047025,1.2439031804047025,1.2439031804047025,1.2439031804047025,1.2439031804047025
2066,1.2439031804047025,1.2439031804047025,1.2439031804047025,1.2439031804047025,1.2439031804047025,1.2439031804047025,1.2439031804047025
2067,1.2439031804047025,1.2439031804047025,1.2439031804047025,1.2439031804047025,1.2439031804047025,1.2439031804047025,1.2439031804047025
2068,4.146343934682342,4.146343934682342,4.146343934682342,4.146343934682342,4.146343934682342,4.146343934682342,4.146343934682342
2069,4.146343934682342,4.146343934682342,4.146343934682342,4.146343934682342,4.146343934682342,4.146343934682342,4.146343934682342
2070,4.146343934682342,4.146343934682342,4.146343934682342,4.146343934682342,4.146343934682342,4.146343934682342,4.146343934682342
2071,4.146343934682342,4.146343934682342,4.146343934682342,4.146343934682342,4.146343934682342,4.146343934682342,4.146343934682342
2072,4.146343934682342,4.146343934682342,4.146343934682342,4.146343934682342,4.146343934682342,4.146343934682342,4.146343934682342
2073,4.146343934682342,4.146343934682342,4.146343934682342,4.146343934682342,4.146343934682342,4.146343934682342,4.146343934682342
2074,4.146343934682342,4.146343934682342,4.146343934682342,4.146343934682342,4.146343934682342,4.146343934682342,4.146343934682342
2075,4.146343934682342,4.146343934682342,4.146343934682342,4.146343934682342,4.146343934682342,4.146343934682342,4.146343934682342
2076,4.146343934682342,4.146343934682342,4.146343934682342,4.146343934682342,4.146343934682342,4.146343934682342,4.146343934682342
2077,4.146343934682342,4.146343934682342,4.146343934682342,4.146343934682342,4.146343934682342,4.146343934682342,4.146343934682342
2078,4.146343934682342,4.146343934682342,4.146343934682342,4.146343934682342,4.146343934682342,4.146343934682342,4.146343934682342
2079,4.146343934682342,4.146343934682342,4.146343934682342,4.146343934682342,4.146343934682342,4.146343934682342,4.146343934682342
2080,4.146343934682342,4.146343934682342,4.146343934682342,4.146343934682342,4.146343934682342,4.146343934682342,4.146343934682342
2081,4.146343934682342,4.146343934682342,4.146343934682342,4.146343934682342,4.146343934682342,4.146343934682342,4.146343934682342
2082,4.146343934682342,4.146343934682342,4.146343934682342,4.146343934682342,4.146343934682342,4.146343934682342,4.146343934682342
2083,4.146343934682342,4.146343934682342,4.146343934682342,4.146343934682342,4.146343934682342,4.146343934682342,4.146343934682342
2084,4.146343934682342,4.146343934682342,4.146343934682342,4.146343934682342,4.146343934682342,4.146343934682342,4.146343934682342
2085,4.146343934682342,4.146343934682342,4.146343934682342,4.146343934682342,4.146343934682342,4.146343934682342,4.146343934682342
2086,4.146343934682342,4.146343934682342,4.146343934682342,4.146343934682342,4.146343934682342,4.146343934682342,4.146343934682342
2087,4.146343934682342,4.146343934682342,4.146343934682342,4.146343934682342,4.146343934682342,4.146343934682342,4.146343934682342
2088,4.146343934682342,4.146343934682342,4.146343934682342,4.146343934682342,4.146343934682342,4.146343934682342,4.146343934682342
2089,4.146343934682342,4.146343934682342,4.146343934682342,4.146343934682342,4.146343934682342,4.146343934682342,4.146343934682342
2090,4.146343934682342,4.146343934682342,4.146343934682342,4.146343934682342,4.146343934682342,4.146343934682342,4.146343934682342
2091,4.146343934682342,4.146343934682342,4.146343934682342,4.146343934682342,4.146343934682342,4.146343934682342,4.146343934682342
2092,4.146343934682342,4.146343934682342,4.146343934682342,4.146343934682342,4.146343934682342,4.146343934682342,4.146343934682342
2093,4.146343934682342,4.146343934682342,4.146343934682342,4.146343934682342,4.146343934682342,4.146343934682342,4.146343934682342
2094,4.146343934682342,4.146343934682342,4.146343934682342,4.146343934682342,4.146343934682342,4.146343934682342,4.146343934682342
2095,4.146343934682342,4.146343934682342,4.146343934682342,4.146343934682342,4.146343934682342,4.146343934682342,4.146343934682342
2096,4.146343934682342,4.146343934682342,4.146343934682342,4.146343934682342,4.146343934682342,4.146343934682342,4.146343934682342
2097,4.146343934682342,4.146343934682342,4.146343934682342,4.146343934682342,4.146343934682342,4.146343934682342,4.146343934682342
2098,4.146343934682342,4.146343934682342,4.146343934682342,4.146343934682342,4.146343934682342,4.146343934682342,4.146343934682342
2099,4.146343934682342,4.146343934682342,4.146343934682342,4.146343934682342,4.146343934682342,4.146343934682342,4.146343934682342
2100,4.146343934682342,4.146343934682342,4.146343934682342,4.146343934682342,4.146343934682342,4.146343934682342,4.146343934682342
2101,4.146343934682342,4.146343934682342,4.146343934682342,4.146343934682342,4.146343934682342,4.146343934682342,4.146343934682342
2102,4.146343934682342,4.146343934682342,4.146343934682342,4.146343934682342,4.146343934682342,4.146343934682342,4.146343934682342
2103,4.146343934682342,4.146343934682342,4.146343934682342,4.146343934682342,4.146343934682342,4.146343934682342,4.146343934682342
2104,4.146343934682342,4.146343934682342,4.146343934682342,4.146343934682342,4.146343934682342,4.146343934682342,4.146343934682342
2105,4.146343934682342,4.146343934682342,4.146343934682342,4.146343934682342,4.146343934682342,4.146343934682342,4.146343934682342
2106,4.146343934682342,4.146343934682342,4.146343934682342,4.146343934682342,4.146343934682342,4.146343934682342,4.146343934682342
2107,4.146343934682342,4.146343934682342,4.146343934682342,4.146343934682342,4.146343934682342,4.146343934682342,4.146343934682342
2108,4.146343934682342,4.146343934682342,4.146343934682342,4.146343934682342,4.146343934682342,4.146343934682342,4.146343934682342
2109,4.146343934682342,4.146343934682342,4.146343934682342,4.146343934682342,4.146343934682342,4.146343934682342,4.146343934682342
2110,4.146343934682342,4.146343934682342,4.146343934682342,4.146343934682342,4.146343934682342,4.146343934682342,4.146343934682342
2111,4.146343934682342,4.146343934682342,4.146343934682342,4.146343934682342,4.146343934682342,4.146343934682342,4.146343934682342
2112,4.146343934682342,4.146343934682342,4.146343934682342,4.146343934682342,4.146343934682342,4.146343934682342,4.146343934682342
2113,4.146343934682342,4.146343934682342,4.146343934682342,4.146343934682342,4.146343934682342,4.146343934682342,4.146343934682342
2114,4.146343934682342,4.146343934682342,4.146343934682342,4.146343934682342,4.146343934682342,4.146343934682342,4.146343934682342
2115,4.146343934682342,4.146343934682342,4.146343934682342,4.146343934682342,4.146343934682342,4.146343934682342,4.146343934682342
2116,4.146343934682342,4.146343934682342,4.146343934682342,4.146343934682342,4.146343934682342,4.146343934682342,4.146343934682342
2117,4.146343934682342,4.146343934682342,4.146343934682342,4.146343934682342,4.146343934682342,4.146343934682342,4.146343934682342
2118,4.146343934682342,4.146343934682342,4.146343934682342,4.146343934682342,4.146343934682342,4.146343934682342,4.146343934682342
2119,4.146343934682342,4.146343934682342,4.146343934682342,4.146343934682342,4.146343934682342,4.146343934682342,4.146343934682342
2120,4.146343934682342,4.146343934682342,4.146343934682342,4.146343934682342,4.146343934682342,4.146343934682342,4.146343934682342
2121,4.146343934682342,4.146343934682342,4.146343934682342,4.146343934682342,4.146343934682342,4.146343934682342,4.146343934682342
2122,4.146343934682342,4.146343934682342,4.146343934682342,4.146343934682342,4.146343934682342,4.146343934682342,4.146343934682342
2123,4.146343934682342,4.146343934682342,4.146343934682342,4.146343934682342,4.146343934682342,4.146343934682342,4.146343934682342
2124,4.146343934682342,4.146343934682342,4.146343934682342,4.146343934682342,4.146343934682342,4.146343934682342,4.146343934682342
2125,4.146343934682342,4.146343934682342,4.146343934682342,4.146343934682342,4.146343934682342,4.146343934682342,4.146343934682342
2126,4.146343934682342,4.146343934682342,4.146343934682342,4.146343934682342,4.146343934682342,4.146343934682342,4.146343934682342
2127,4.146343934682342,4.146343934682342,4.146343934682342,4.146343934682342,4.146343934682342,4.146343934682342,4.146343934682342
2128,4.146343934682342,4.146343934682342,4.146343934682342,4.146343934682342,4.146343934682342,4.146343934682342,4.146343934682342
2129,4.146343934682342,4.146343934682342,4.146343934682342,4.146343934682342,4.146343934682342,4.146343934682342,4.146343934682342
2130,4.146343934682342,4.146343934682342,4.146343934682342,4.146343934682342,4.146343934682342,4.146343934682342,4.146343934682342
2131,4.146343934682342,4.146343934682342,4.146343934682342,4.146343934682342,4.146343934682342,4.146343934682342,4.146343934682342
2132,4.146343934682342,4.146343934682342,4.146343934682342,4.146343934682342,4.146343934682342,4.146343934682342,4.146343934682342
2133,4.146343934682342,4.146343934682342,4.146343934682342,4.146343934682342,4.146343934682342,4.146343934682342,4.146343934682342
2134,4.146343934682342,4.146343934682342,4.146343934682342,4.146343934682342,4.146343934682342,4.146343934682342,4.146343934682342
2135,4.146343934682342,4.146343934682342,4.146343934682342,4.146343934682342,4.146343934682342,4.146343934682342,4.146343934682342
2136,4.146343934682342,4.146343934682342,4.146343934682342,4.146343934682342,4.146343934682342,4.146343934682342,4.146343934682342
2137,4.146343934682342,4.146343934682342,4.146343934682342,4.146343934682342,4.146343934682342,4.146343934682342,4.146343934682342
2138,4.146343934682342,4.146343934682342,4.146343934682342,4.146343934682342,4.146343934682342,4.146343934682342,4.146343934682342
2139,4.146343934682342,4.146343934682342,4.146343934682342,4.146343934682342,4.146343934682342,4.146343934682342,4.146343934682342
2140,4.146343934682342,4.146343934682342,4.146343934682342,4.146343934682342,4.146343934682342,4.146343934682342,4.146343934682342
2141,4.146343934682342,4.146343934682342,4.146343934682342,4.146343934682342,4.146343934682342,4.146343934682342,4.146343934682342
2142,4.146343934682342,4.146343934682342,4.146343934682342,4.146343934682342,4.146343934682342,4.146343934682342,4.146343934682342
2143,4.146343934682342,4.146343934682342,4.146343934682342,4.146343934682342,4.146343934682342,4.146343934682342,4.146343934682342
2144,4.146343934682342,4.146343934682342,4.146343934682342,4.146343934682342,4.146343934682342,4.146343934682342,4.146343934682342
2145,4.146343934682342,4.146343934682342,4.146343934682342,4.146343934682342,4.146343934682342,4.146343934682342,4.146343934682342
2146,4.146343934682342,4.146343934682342,4.146343934682342,4.146343934682342,4.146343934682342,4.146343934682342,4.146343934682342
2147,4.146343934682342,4.146343934682342,4.146343934682342,4.146343934682342,4.146343934682342,4.146343934682342,4.146343934682342
2148,4.146343934682342,4.146343934682342,4.146343934682342,4.146343934682342,4.146343934682342,4.146343934682342,4.146343934682342
2149,4.146343934682342,4.146343934682342,4.146343934682342,4.146343934682342,4.146343934682342,4.146343934682342,4.146343934682342
2150,4.146343934682342,4.146343934682342,4.146343934682342,4.146343934682342,4.146343934682342,4.146343934682342,4.146343934682342
2151,4.146343934682342,4.146343934682342,4.146343934682342,4.146343934682342,4.146343934682342,4.146343934682342,4.146343934682342
2152,4.146343934682342,4.146343934682342,4.146343934682342,4.146343934682342,4.146343934682342,4.146343934682342,4.146343934682342
2153,4.146343934682342,4.146343934682342,4.146343934682342,4.146343934682342,4.146343934682342,4.146343934682342,4.146343934682342
2154,4.146343934682342,4.146343934682342,4.146343934682342,4.146343934682342,4.146343934682342,4.146343934682342,4.146343934682342
2155,4.146343934682342,4.146343934682342,4.146343934682342,4.146343934682342,4.146343934682342,4.146343934682342,4.146343934682342
2156,4.146343934682342,4.146343934682342,4.146343934682342,4.146343934682342,4.146343934682342,4.146343934682342,4.146343934682342
2157,4.146343934682342,4.146343934682342,4.146343934682342,4.146343934682342,4.146343934682342,4.146343934682342,4.146343934682342
2158,4.146343934682342,4.146343934682342,4.146343934682342,4.146343934682342,4.146343934682342,4.146343934682342,4.146343934682342
2159,4.146343934682342,4.146343934682342,4.146343934682342,4.146343934682342,4.146343934682342,4.146343934682342,4.146343934682342
2160,4.146343934682342,4.146343934682342,4.146343934682342,4.146343934682342,4.146343934682342,4.146343934682342,4.146343934682342
2161,4.146343934682342,4.146343934682342,4.146343934682342,4.146343934682342,4.146343934682342,4.146343934682342,4.146343934682342
2162,4.146343934682342,4.146343934682342,4.146343934682342,4.146343934682342,4.146343934682342,4.146343934682342,4.146343934682342
2163,4.146343934682342,4.146343934682342,4.146343934682342,4.146343934682342,4.146343934682342,4.146343934682342,4.146343934682342
2164,4.146343934682342,4.146343934682342,4.146343934682342,4.146343934682342,4.146343934682342,4.146343934682342,4.146343934682342
2165,4.146343934682342,4.146343934682342,4.146343934682342,4.146343934682342,4.146343934682342,4.146343934682342,4.146343934682342
2166,4.146343934682342,4.146343934682342,4.146343934682342,4.146343934682342,4.146343934682342,4.146343934682342,4.146343934682342
2167,4.146343934682342,4.146343934682342,4.146343934682342,4.146343934682342,4.146343934682342,4.146343934682342,4.146343934682342
2168,4.146343934682342,4.146343934682342,4.146343934682342,4.146343934682342,4.146343934682342,4.146343934682342,4.146343934682342
2169,4.146343934682342,4.146343934682342,4.146343934682342,4.146343934682342,4.146343934682342,4.146343934682342,4.146343934682342
2170,4.146343934682342,4.146343934682342,4.146343934682342,4.146343934682342,4.146343934682342,4.146343934682342,4.146343934682342
2171,4.146343934682342,4.146343934682342,4.146343934682342,4.146343934682342,4.146343934682342,4.146343934682342,4.146343934682342
2172,4.146343934682342,4.146343934682342,4.146343934682342,4.146343934682342,4.146343934682342,4.146343934682342,4.146343934682342
2173,4.146343934682342,4.146343934682342,4.146343934682342,4.146343934682342,4.146343934682342,4.146343934682342,4.146343934682342
2174,4.146343934682342,4.146343934682342,4.146343934682342,4.146343934682342,4.146343934682342,4.146343934682342,4.146343934682342
2175,4.146343934682342,4.146343934682342,4.146343934682342,4.146343934682342,4.146343934682342,4.146343934682342,4.146343934682342
2176,4.146343934682342,4.146343934682342,4.146343934682342,4.146343934682342,4.146343934682342,4.146343934682342,4.146343934682342
2177,4.146343934682342,4.146343934682342,4.146343934682342,4.146343934682342,4.146343934682342,4.146343934682342,4.146343934682342
2178,4.146343934682342,4.146343934682342,4.146343934682342,4.146343934682342,4.146343934682342,4.146343934682342,4.146343934682342
2179,4.146343934682342,4.146343934682342,4.146343934682342,4.146343934682342,4.146343934682342,4.146343934682342,4.146343934682342
2180,4.146343934682342,4.146343934682342,4.146343934682342,4.146343934682342,4.146343934682342,4.146343934682342,4.146343934682342
2181,4.146343934682342,4.146343934682342,4.146343934682342,4.146343934682342,4.146343934682342,4.146343934682342,4.146343934682342
2182,4.146343934682342,4.146343934682342,4.146343934682342,4.146343934682342,4.146343934682342,4.146343934682342,4.146343934682342
2183,4.146343934682342,4.146343934682342,4.146343934682342,4.146343934682342,4.146343934682342,4.146343934682342,4.146343934682342
2184,4.146343934682342,4.146343934682342,4.146343934682342,4.146343934682342,4.146343934682342,4.146343934682342,4.146343934682342
2185,4.146343934682342,4.146343934682342,4.146343934682342,4.146343934682342,4.146343934682342,4.146343934682342,4.146343934682342
2186,4.146343934682342,4.146343934682342,4.146343934682342,4.146343934682342,4.146343934682342,4.146343934682342,4.146343934682342
2187,4.146343934682342,4.146343934682342,4.146343934682342,4.146343934682342,4.146343934682342,4.146343934682342,4.146343934682342
2188,4.146343934682342,4.146343934682342,4.146343934682342,4.146343934682342,4.146343934682342,4.146343934682342,4.146343934682342
2189,4.146343934682342,4.146343934682342,4.146343934682342,4.146343934682342,4.146343934682342,4.146343934682342,4.146343934682342
2190,9.754479776362992,9.754479776362992,9.754479776362992,9.754479776362992,9.754479776362992,9.754479776362992,9.754479776362992
2191,9.754479776362992,9.754479776362992,9.754479776362992,9.754479776362992,9.754479776362992,9.754479776362992,9.754479776362992
2192,9.754479776362992,9.754479776362992,9.754479776362992,9.754479776362992,9.754479776362992,9.754479776362992,9.754479776362992
2193,9.754479776362992,9.754479776362992,9.754479776362992,9.754479776362992,9.754479776362992,9.754479776362992,9.754479776362992
2194,9.754479776362992,9.754479776362992,9.754479776362992,9.754479776362992,9.754479776362992,9.754479776362992,9.754479776362992
2195,9.754479776362992,9.754479776362992,9.754479776362992,9.754479776362992,9.754479776362992,9.754479776362992,9.754479776362992
2196,9.754479776362992,9.754479776362992,9.754479776362992,9.754479776362992,9.754479776362992,9.754479776362992,9.754479776362992
2197,9.754479776362992,9.754479776362992,9.754479776362992,9.754479776362992,9.754479776362992,9.754479776362992,9.754479776362992
2198,9.754479776362992,9.754479776362992,9.754479776362992,9.754479776362992,9.754479776362992,9.754479776362992,9.754479776362992
2199,9.754479776362992,9.754479776362992,9.754479776362992,9.754479776362992,9.754479776362992,9.754479776362992,9.754479776362992
2200,9.754479776362992,9.754479776362992,9.754479776362992,9.754479776362992,9.754479776362992,9.754479776362992,9.754479776362992
2201,9.754479776362992,9.754479776362992,9.754479776362992,9.754479776362992,9.754479776362992,9.754479776362992,9.754479776362992
2202,9.754479776362992,9.754479776362992,9.754479776362992,9.754479776362992,9.754479776362992,9.754479776362992,9.754479776362992
2203,9.754479776362992,9.754479776362992,9.754479776362992,9.754479776362992,9.754479776362992,9.754479776362992,9.754479776362992
2204,9.754479776362992,9.754479776362992,9.754479776362992,9.754479776362992,9.754479776362992,9.754479776362992,9.754479776362992
2205,632.4695178613791,632.4695178613791,632.4695178613791,632.4695178613791,632.4695178613791,632.4695178613791,632.4695178613791
2206,581.0624247097196,581.0624247097196,581.0624247097196,581.0624247097196,581.0624247097196,581.0624247097196,581.0624247097196
2207,541.8706422988006,541.8706422988006,541.8706422988006,541.8706422988006,541.8706422988006,541.8706422988006,541.8706422988006
2208,524.4062798738925,524.4062798738925,524.4062798738925,524.4062798738925,524.4062798738925,524.4062798738925,524.4062798738925
2209,504.06539593323544,504.06539593323544,504.06539593323544,504.06539593323544,504.06539593323544,504.06539593323544,504.06539593323544
2210,481.4604163854778,481.4604163854778,481.4604163854778,481.4604163854778,481.4604163854778,481.4604163854778,481.4604163854778
2211,466.05381174082817,466.05381174082817,466.05381174082817,466.05381174082817,466.05381174082817,466.05381174082817,466.05381174082817
2212,449.8700038325876,449.8700038325876,449.8700038325876,449.8700038325876,449.8700038325876,449.8700038325876,449.8700038325876
2213,425.9811727465552,425.9811727465552,425.9811727465552,425.9811727465552,425.9811727465552,425.9811727465552,425.9811727465552
2214,412.635217084634,412.635217084634,412.635217084634,412.635217084634,412.635217084634,412.635217084634,412.635217084634
2215,401.427816868914,401.427816868914,401.427816868914,401.427816868914,401.427816868914,401.427816868914,401.427816868914
2216,391.17498375509524,391.17498375509524,391.17498375509524,391.17498375509524,391.17498375509524,391.17498375509524,391.17498375509524
2217,380.3651000259666,380.3651000259666,380.3651000259666,380.3651000259666,380.3651000259666,380.3651000259666,380.3651000259666
2218,368.92029971424415,368.92029971424415,368.92029971424415,368.92029971424415,368.92029971424415,368.92029971424415,368.92029971424415
2219,373.8006934970816,373.8006934970816,373.8006934970816,373.8006934970816,373.8006934970816,373.8006934970816,373.8006934970816
2220,365.57857554990613,365.57857554990613,365.57857554990613,365.57857554990613,365.57857554990613,365.57857554990613,365.57857554990613
2221,9.754479776362992,9.754479776362992,9.754479776362992,9.754479776362992,9.754479776362992,9.754479776362992,9.754479776362992
2222,9.754479776362992,9.754479776362992,9.754479776362992,9.754479776362992,9.754479776362992,9.754479776362992,9.754479776362992
2223,9.754479776362992,9.754479776362992,9.754479776362992,9.754479776362992,9.754479776362992,9.754479776362992,9.754479776362992
2224,9.754479776362992,9.754479776362992,9.754479776362992,9.754479776362992,9.754479776362992,9.754479776362992,9.754479776362992
2225,9.754479776362992,9.754479776362992,9.754479776362992,9.754479776362992,9.754479776362992,9.754479776362992,9.754479776362992
2226,9.754479776362992,9.754479776362992,9.754479776362992,9.754479776362992,9.754479776362992,9.754479776362992,9.754479776362992
2227,9.754479776362992,9.754479776362992,9.754479776362992,9.754479776362992,9.754479776362992,9.754479776362992,9.754479776362992
2228,9.754479776362992,9.754479776362992,9.754479776362992,9.754479776362992,9.754479776362992,9.754479776362992,9.754479776362992
2229,9.754479776362992,9.754479776362992,9.754479776362992,9.754479776362992,9.754479776362992,9.754479776362992,9.754479776362992
2230,9.754479776362992,9.754479776362992,9.754479776362992,9.754479776362992,9.754479776362992,9.754479776362992,9.754479776362992
2231,9.754479776362992,9.754479776362992,9.754479776362992,9.754479776362992,9.754479776362992,9.754479776362992,9.754479776362992
2232,9.754479776362992,9.754479776362992,9.754479776362992,9.754479776362992,9.754479776362992,9.754479776362992,9.754479776362992
2233,9.754479776362992,9.754479776362992,9.754479776362992,9.754479776362992,9.754479776362992,9.754479776362992,9.754479776362992
2234,9.754479776362992,9.754479776362992,9.754479776362992,9.754479776362992,9.754479776362992,9.754479776362992,9.754479776362992
2235,9.754479776362992,9.754479776362992,9.754479776362992,9.754479776362992,9.754479776362992,9.754479776362992,9.754479776362992
2236,9.754479776362992,9.754479776362992,9.754479776362992,9.754479776362992,9.754479776362992,9.754479776362992,9.754479776362992
2237,9.754479776362992,9.754479776362992,9.754479776362992,9.754479776362992,9.754479776362992,9.754479776362992,9.754479776362992
2238,9.754479776362992,9.754479776362992,9.754479776362992,9.754479776362992,9.754479776362992,9.754479776362992,9.754479776362992
2239,9.754479776362992,9.754479776362992,9.754479776362992,9.754479776362992,9.754479776362992,9.754479776362992,9.754479776362992
2240,9.754479776362992,9.754479776362992,9.754479776362992,9.754479776362992,9.754479776362992,9.754479776362992,9.754479776362992
2241,9.754479776362992,9.754479776362992,9.754479776362992,9.754479776362992,9.754479776362992,9.754479776362992,9.754479776362992
2242,9.754479776362992,9.754479776362992,9.754479776362992,9.754479776362992,9.754479776362992,9.754479776362992,9.754479776362992
2243,9.754479776362992,9.754479776362992,9.754479776362992,9.754479776362992,9.754479776362992,9.754479776362992,9.754479776362992
2244,9.754479776362992,9.754479776362992,9.754479776362992,9.754479776362992,9.754479776362992,9.754479776362992,9.754479776362992
2245,9.754479776362992,9.754479776362992,9.754479776362992,9.754479776362992,9.754479776362992,9.754479776362992,9.754479776362992
2246,9.754479776362992,9.754479776362992,9.754479776362992,9.754479776362992,9.754479776362992,9.754479776362992,9.754479776362992
2247,9.754479776362992,9.754479776362992,9.754479776362992,9.754479776362992,9.754479776362992,9.754479776362992,9.754479776362992
2248,9.754479776362992,9.754479776362992,9.754479776362992,9.754479776362992,9.754479776362992,9.754479776362992,9.754479776362992
2249,9.754479776362992,9.754479776362992,9.754479776362992,9.754479776362992,9.754479776362992,9.754479776362992,9.754479776362992
2250,9.754479776362992,9.754479776362992,9.754479776362992,9.754479776362992,9.754479776362992,9.754479776362992,9.754479776362992
2251,9.754479776362992,9.754479776362992,9.754479776362992,9.754479776362992,9.754479776362992,9.754479776362992,9.754479776362992
2252,9.754479776362992,9.754479776362992,9.754479776362992,9.754479776362992,9.754479776362992,9.754479776362992,9.754479776362992
2253,9.754479776362992,9.754479776362992,9.754479776362992,9.754479776362992,9.754479776362992,9.754479776362992,9.754479776362992
2254,9.754479776362992,9.754479776362992,9.754479776362992,9.754479776362992,9.754479776362992,9.754479776362992,9.754479776362992
2255,9.754479776362992,9.754479776362992,9.754479776362992,9.754479776362992,9.754479776362992,9.754479776362992,9.754479776362992
2256,9.754479776362992,9.754479776362992,9.754479776362992,9.754479776362992,9.754479776362992,9.754479776362992,9.754479776362992
2257,9.754479776362992,9.754479776362992,9.754479776362992,9.754479776362992,9.754479776362992,9.754479776362992,9.754479776362992
2258,9.754479776362992,9.754479776362992,9.754479776362992,9.754479776362992,9.754479776362992,9.754479776362992,9.754479776362992
2259,9.754479776362992,9.754479776362992,9.754479776362992,9.754479776362992,9.754479776362992,9.754479776362992,9.754479776362992
2260,9.754479776362992,9.754479776362992,9.754479776362992,9.754479776362992,9.754479776362992,9.754479776362992,9.754479776362992
2261,9.754479776362992,9.754479776362992,9.754479776362992,9.754479776362992,9.754479776362992,9.754479776362992,9.754479776362992
2262,9.754479776362992,9.754479776362992,9.754479776362992,9.754479776362992,9.754479776362992,9.754479776362992,9.754479776362992
2263,9.754479776362992,9.754479776362992,9.754479776362992,9.754479776362992,9.754479776362992,9.754479776362992,9.754479776362992
2264,9.754479776362992,9.754479776362992,9.754479776362992,9.754479776362992,9.754479776362992,9.754479776362992,9.754479776362992
2265,9.754479776362992,9.754479776362992,9.754479776362992,9.754479776362992,9.754479776362992,9.754479776362992,9.754479776362992
2266,9.754479776362992,9.754479776362992,9.754479776362992,9.754479776362992,9.754479776362992,9.754479776362992,9.754479776362992
2267,9.754479776362992,9.754479776362992,9.754479776362992,9.754479776362992,9.754479776362992,9.754479776362992,9.754479776362992
2268,9.754479776362992,9.754479776362992,9.754479776362992,9.754479776362992,9.754479776362992,9.754479776362992,9.754479776362992
2269,9.754479776362992,9.754479776362992,9.754479776362992,9.754479776362992,9.754479776362992,9.754479776362992,9.754479776362992
2270,9.754479776362992,9.754479776362992,9.754479776362992,9.754479776362992,9.754479776362992,9.754479776362992,9.754479776362992
2271,9.754479776362992,9.754479776362992,9.754479776362992,9.754479776362992,9.754479776362992,9.754479776362992,9.754479776362992
2272,9.754479776362992,9.754479776362992,9.754479776362992,9.754479776362992,9.754479776362992,9.754479776362992,9.754479776362992
2273,9.754479776362992,9.754479776362992,9.754479776362992,9.754479776362992,9.754479776362992,9.754479776362992,9.754479776362992
2274,9.754479776362992,9.754479776362992,9.754479776362992,9.754479776362992,9.754479776362992,9.754479776362992,9.754479776362992
2275,9.754479776362992,9.754479776362992,9.754479776362992,9.754479776362992,9.754479776362992,9.754479776362992,9.754479776362992
2276,9.754479776362992,9.754479776362992,9.754479776362992,9.754479776362992,9.754479776362992,9.754479776362992,9.754479776362992
2277,9.754479776362992,9.754479776362992,9.754479776362992,9.754479776362992,9.754479776362992,9.754479776362992,9.754479776362992
2278,9.754479776362992,9.754479776362992,9.754479776362992,9.754479776362992,9.754479776362992,9.754479776362992,9.754479776362992
2279,9.754479776362992,9.754479776362992,9.754479776362992,9.754479776362992,9.754479776362992,9.754479776362992,9.754479776362992
2280,9.754479776362992,9.754479776362992,9.754479776362992,9.754479776362992,9.754479776362992,9.754479776362992,9.754479776362992
2281,9.754479776362992,9.754479776362992,9.754479776362992,9.754479776362992,9.754479776362992,9.754479776362992,9.754479776362992
2282,9.754479776362992,9.754479776362992,9.754479776362992,9.754479776362992,9.754479776362992,9.754479776362992,9.754479776362992
2283,9.754479776362992,9.754479776362992,9.754479776362992,9.754479776362992,9.754479776362992,9.754479776362992,9.754479776362992
2284,9.754479776362992,9.754479776362992,9.754479776362992,9.754479776362992,9.754479776362992,9.754479776362992,9.754479776362992
2285,9.754479776362992,9.754479776362992,9.754479776362992,9.754479776362992,9.754479776362992,9.754479776362992,9.754479776362992
2286,9.754479776362992,9.754479776362992,9.754479776362992,9.754479776362992,9.754479776362992,9.754479776362992,9.754479776362992
2287,9.754479776362992,9.754479776362992,9.754479776362992,9.754479776362992,9.754479776362992,9.754479776362992,9.754479776362992
2288,9.754479776362992,9.754479776362992,9.754479776362992,9.754479776362992,9.754479776362992,9.754479776362992,9.754479776362992
2289,9.754479776362992,9.754479776362992,9.754479776362992,9.754479776362992,9.754479776362992,9.754479776362992,9.754479776362992
2290,9.754479776362992,9.754479776362992,9.754479776362992,9.754479776362992,9.754479776362992,9.754479776362992,9.754479776362992
2291,9.754479776362992,9.754479776362992,9.754479776362992,9.754479776362992,9.754479776362992,9.754479776362992,9.754479776362992
2292,9.754479776362992,9.754479776362992,9.754479776362992,9.754479776362992,9.754479776362992,9.754479776362992,9.754479776362992
2293,9.754479776362992,9.754479776362992,9.754479776362992,9.754479776362992,9.754479776362992,9.754479776362992,9.754479776362992
2294,9.754479776362992,9.754479776362992,9.754479776362992,9.754479776362992,9.754479776362992,9.754479776362992,9.754479776362992
2295,9.754479776362992,9.754479776362992,9.754479776362992,9.754479776362992,9.754479776362992,9.754479776362992,9.754479776362992
2296,9.754479776362992,9.754479776362992,9.754479776362992,9.754479776362992,9.754479776362992,9.754479776362992,9.754479776362992
2297,9.754479776362992,9.754479776362992,9.754479776362992,9.754479776362992,9.754479776362992,9.754479776362992,9.754479776362992
2298,9.754479776362992,9.754479776362992,9.754479776362992,9.754479776362992,9.754479776362992,9.754479776362992,9.754479776362992
2299,9.754479776362992,9.754479776362992,9.754479776362992,9.754479776362992,9.754479776362992,9.754479776362992,9.754479776362992
2300,9.754479776362992,9.754479776362992,9.754479776362992,9.754479776362992,9.754479776362992,9.754479776362992,9.754479776362992
2301,9.754479776362992,9.754479776362992,9.754479776362992,9.754479776362992,9.754479776362992,9.754479776362992,9.754479776362992
2302,9.754479776362992,9.754479776362992,9.754479776362992,9.754479776362992,9.754479776362992,9.754479776362992,9.754479776362992
2303,9.754479776362992,9.754479776362992,9.754479776362992,9.754479776362992,9.754479776362992,9.754479776362992,9.754479776362992
2304,9.754479776362992,9.754479776362992,9.754479776362992,9.754479776362992,9.754479776362992,9.754479776362992,9.754479776362992
2305,9.754479776362992,9.754479776362992,9.754479776362992,9.754479776362992,9.754479776362992,9.754479776362992,9.754479776362992
2306,9.754479776362992,9.754479776362992,9.754479776362992,9.754479776362992,9.754479776362992,9.754479776362992,9.754479776362992
2307,9.754479776362992,9.754479776362992,9.754479776362992,9.754479776362992,9.754479776362992,9.754479776362992,9.754479776362992
2308,9.754479776362992,9.754479776362992,9.754479776362992,9.754479776362992,9.754479776362992,9.754479776362992,9.754479776362992
2309,9.754479776362992,9.754479776362992,9.754479776362992,9.754479776362992,9.754479776362992,9.754479776362992,9.754479776362992
2310,9.754479776362992,9.754479776362992,9.754479776362992,9.754479776362992,9.754479776362992,9.754479776362992,9.754479776362992
2311,9.754479776362992,9.754479776362992,9.754479776362992,9.754479776362992,9.754479776362992,9.754479776362992,9.754479776362992
2312,9.754479776362992,9.754479776362992,9.754479776362992,9.754479776362992,9.754479776362992,9.754479776362992,9.754479776362992
2313,9.754479776362992,9.754479776362992,9.754479776362992,9.754479776362992,9.754479776362992,9.754479776362992,9.754479776362992
2314,9.754479776362992,9.754479776362992,9.754479776362992,9.754479776362992,9.754479776362992,9.754479776362992,9.754479776362992
2315,9.754479776362992,9.754479776362992,9.754479776362992,9.754479776362992,9.754479776362992,9.754479776362992,9.754479776362992
2316,9.754479776362992,9.754479776362992,9.754479776362992,9.754479776362992,9.754479776362992,9.754479776362992,9.754479776362992
2317,9.754479776362992,9.754479776362992,9.754479776362992,9.754479776362992,9.754479776362992,9.754479776362992,9.754479776362992
2318,9.754479776362992,9.754479776362992,9.754479776362992,9.754479776362992,9.754479776362992,9.754479776362992,9.754479776362992
2319,9.754479776362992,9.754479776362992,9.754479776362992,9.754479776362992,9.754479776362992,9.754479776362992,9.754479776362992
2320,9.754479776362992,9.754479776362992,9.754479776362992,9.754479776362992,9.754479776362992,9.754479776362992,9.754479776362992
2321,9.754479776362992,9.754479776362992,9.754479776362992,9.754479776362992,9.754479776362992,9.754479776362992,9.754479776362992
2322,9.754479776362992,9.754479776362992,9.754479776362992,9.754479776362992,9.754479776362992,9.754479776362992,9.754479776362992
2323,9.754479776362992,9.754479776362992,9.754479776362992,9.754479776362992,9.754479776362992,9.754479776362992,9.754479776362992
2324,9.754479776362992,9.754479776362992,9.754479776362992,9.754479776362992,9.754479776362992,9.754479776362992,9.754479776362992
2325,9.754479776362992,9.754479776362992,9.754479776362992,9.754479776362992,9.754479776362992,9.754479776362992,9.754479776362992
2326,9.754479776362992,9.754479776362992,9.754479776362992,9.754479776362992,9.754479776362992,9.754479776362992,9.754479776362992
2327,9.754479776362992,9.754479776362992,9.754479776362992,9.754479776362992,9.754479776362992,9.754479776362992,9.754479776362992
2328,9.754479776362992,9.754479776362992,9.754479776362992,9.754479776362992,9.754479776362992,9.754479776362992,9.754479776362992
2329,9.754479776362992,9.754479776362992,9.754479776362992,9.754479776362992,9.754479776362992,9.754479776362992,9.754479776362992
2330,9.754479776362992,9.754479776362992,9.754479776362992,9.754479776362992,9.754479776362992,9.754479776362992,9.754479776362992
2331,9.754479776362992,9.754479776362992,9.754479776362992,9.754479776362992,9.754479776362992,9.754479776362992,9.754479776362992
2332,9.754479776362992,9.754479776362992,9.754479776362992,9.754479776362992,9.754479776362992,9.754479776362992,9.754479776362992
2333,9.754479776362992,9.754479776362992,9.754479776362992,9.754479776362992,9.754479776362992,9.754479776362992,9.754479776362992
2334,9.754479776362992,9.754479776362992,9.754479776362992,9.754479776362992,9.754479776362992,9.754479776362992,9.754479776362992
2335,9.754479776362992,9.754479776362992,9.754479776362992,9.754479776362992,9.754479776362992,9.754479776362992,9.754479776362992
2336,9.754479776362992,9.754479776362992,9.754479776362992,9.754479776362992,9.754479776362992,9.754479776362992,9.754479776362992
2337,9.754479776362992,9.754479776362992,9.754479776362992,9.754479776362992,9.754479776362992,9.754479776362992,9.754479776362992
2338,9.754479776362992,9.754479776362992,9.754479776362992,9.754479776362992,9.754479776362992,9.754479776362992,9.754479776362992
2339,9.754479776362992,9.754479776362992,9.754479776362992,9.754479776362992,9.754479776362992,9.754479776362992,9.754479776362992
2340,9.754479776362992,9.754479776362992,9.754479776362992,9.754479776362992,9.754479776362992,9.754479776362992,9.754479776362992
2341,9.754479776362992,9.754479776362992,9.754479776362992,9.754479776362992,9.754479776362992,9.754479776362992,9.754479776362992
2342,9.754479776362992,9.754479776362992,9.754479776362992,9.754479776362992,9.754479776362992,9.754479776362992,9.754479776362992
2343,9.754479776362992,9.754479776362992,9.754479776362992,9.754479776362992,9.754479776362992,9.754479776362992,9.754479776362992
2344,9.754479776362992,9.754479776362992,9.754479776362992,9.754479776362992,9.754479776362992,9.754479776362992,9.754479776362992
2345,9.754479776362992,9.754479776362992,9.754479776362992,9.754479776362992,9.754479776362992,9.754479776362992,9.754479776362992
2346,9.754479776362992,9.754479776362992,9.754479776362992,9.754479776362992,9.754479776362992,9.754479776362992,9.754479776362992
2347,9.754479776362992,9.754479776362992,9.754479776362992,9.754479776362992,9.754479776362992,9.754479776362992,9.754479776362992
2348,9.754479776362992,9.754479776362992,9.754479776362992,9.754479776362992,9.754479776362992,9.754479776362992,9.754479776362992
2349,9.754479776362992,9.754479776362992,9.754479776362992,9.754479776362992,9.754479776362992,9.754479776362992,9.754479776362992
2350,9.754479776362992,9.754479776362992,9.754479776362992,9.754479776362992,9.754479776362992,9.754479776362992,9.754479776362992
2351,9.754479776362992,9.754479776362992,9.754479776362992,9.754479776362992,9.754479776362992,9.754479776362992,9.754479776362992
2352,9.754479776362992,9.754479776362992,9.754479776362992,9.754479776362992,9.754479776362992,9.754479776362992,9.754479776362992
2353,9.754479776362992,9.754479776362992,9.754479776362992,9.754479776362992,9.754479776362992,9.754479776362992,9.754479776362992
2354,9.754479776362992,9.754479776362992,9.754479776362992,9.754479776362992,9.754479776362992,9.754479776362992,9.754479776362992
2355,9.754479776362992,9.754479776362992,9.754479776362992,9.754479776362992,9.754479776362992,9.754479776362992,9.754479776362992
2356,9.754479776362992,9.754479776362992,9.754479776362992,9.754479776362992,9.754479776362992,9.754479776362992,9.754479776362992
2357,9.754479776362992,9.754479776362992,9.754479776362992,9.754479776362992,9.754479776362992,9.754479776362992,9.754479776362992
2358,9.754479776362992,9.754479776362992,9.754479776362992,9.754479776362992,9.754479776362992,9.754479776362992,9.754479776362992
2359,9.754479776362992,9.754479776362992,9.754479776362992,9.754479776362992,9.754479776362992,9.754479776362992,9.754479776362992
2360,9.754479776362992,9.754479776362992,9.754479776362992,9.754479776362992,9.754479776362992,9.754479776362992,9.754479776362992
2361,9.754479776362992,9.754479776362992,9.754479776362992,9.754479776362992,9.754479776362992,9.754479776362992,9.754479776362992
2362,9.754479776362992,9.754479776362992,9.754479776362992,9.754479776362992,9.754479776362992,9.754479776362992,9.754479776362992
2363,9.754479776362992,9.754479776362992,9.754479776362992,9.754479776362992,9.754479776362992,9.754479776362992,9.754479776362992
2364,9.754479776362992,9.754479776362992,9.754479776362992,9.754479776362992,9.754479776362992,9.754479776362992,9.754479776362992
2365,9.754479776362992,9.754479776362992,9.754479776362992,9.754479776362992,9.754479776362992,9.754479776362992,9.754479776362992
2366,9.754479776362992,9.754479776362992,9.754479776362992,9.754479776362992,9.754479776362992,9.754479776362992,9.754479776362992
2367,9.754479776362992,9.754479776362992,9.754479776362992,9.754479776362992,9.754479776362992,9.754479776362992,9.754479776362992
2368,9.754479776362992,9.754479776362992,9.754479776362992,9.754479776362992,9.754479776362992,9.754479776362992,9.754479776362992
2369,9.754479776362992,9.754479776362992,9.754479776362992,9.754479776362992,9.754479776362992,9.754479776362992,9.754479776362992
2370,9.754479776362992,9.754479776362992,9.754479776362992,9.754479776362992,9.754479776362992,9.754479776362992,9.754479776362992
2371,9.754479776362992,9.754479776362992,9.754479776362992,9.754479776362992,9.754479776362992,9.754479776362992,9.754479776362992
2372,9.754479776362992,9.754479776362992,9.754479776362992,9.754479776362992,9.754479776362992,9.754479776362992,9.754479776362992
2373,9.754479776362992,9.754479776362992,9.754479776362992,9.754479776362992,9.754479776362992,9.754479776362992,9.754479776362992
2374,9.754479776362992,9.754479776362992,9.754479776362992,9.754479776362992,9.754479776362992,9.754479776362992,9.754479776362992
2375,9.754479776362992,9.754479776362992,9.754479776362992,9.754479776362992,9.754479776362992,9.754479776362992,9.754479776362992
2376,9.754479776362992,9.754479776362992,9.754479776362992,9.754479776362992,9.754479776362992,9.754479776362992,9.754479776362992
2377,9.754479776362992,9.754479776362992,9.754479776362992,9.754479776362992,9.754479776362992,9.754479776362992,9.754479776362992
2378,9.754479776362992,9.754479776362992,9.754479776362992,9.754479776362992,9.754479776362992,9.754479776362992,9.754479776362992
2379,9.754479776362992,9.754479776362992,9.754479776362992,9.754479776362992,9.754479776362992,9.754479776362992,9.754479776362992
2380,9.754479776362992,9.754479776362992,9.754479776362992,9.754479776362992,9.754479776362992,9.754479776362992,9.754479776362992
2381,9.754479776362992,9.754479776362992,9.754479776362992,9.754479776362992,9.754479776362992,9.754479776362992,9.754479776362992
2382,9.754479776362992,9.754479776362992,9.754479776362992,9.754479776362992,9.754479776362992,9.754479776362992,9.754479776362992
2383,9.754479776362992,9.754479776362992,9.754479776362992,9.754479776362992,9.754479776362992,9.754479776362992,9.754479776362992
2384,9.754479776362992,9.754479776362992,9.754479776362992,9.754479776362992,9.754479776362992,9.754479776362992,9.754479776362992
2385,9.754479776362992,9.754479776362992,9.754479776362992,9.754479776362992,9.754479776362992,9.754479776362992,9.754479776362992
2386,9.754479776362992,9.754479776362992,9.754479776362992,9.754479776362992,9.754479776362992,9.754479776362992,9.754479776362992
2387,9.754479776362992,9.754479776362992,9.754479776362992,9.754479776362992,9.754479776362992,9.754479776362992,9.754479776362992
2388,9.754479776362992,9.754479776362992,9.754479776362992,9.754479776362992,9.754479776362992,9.754479776362992,9.754479776362992
2389,9.754479776362992,9.754479776362992,9.754479776362992,9.754479776362992,9.754479776362992,9.754479776362992,9.754479776362992
2390,9.754479776362992,9.754479776362992,9.754479776362992,9.754479776362992,9.754479776362992,9.754479776362992,9.754479776362992
2391,9.754479776362992,9.754479776362992,9.754479776362992,9.754479776362992,9.754479776362992,9.754479776362992,9.754479776362992
2392,9.754479776362992,9.754479776362992,9.754479776362992,9.754479776362992,9.754479776362992,9.754479776362992,9.754479776362992
2393,9.754479776362992,9.754479776362992,9.754479776362992,9.754479776362992,9.754479776362992,9.754479776362992,9.754479776362992
2394,9.754479776362992,9.754479776362992,9.754479776362992,9.754479776362992,9.754479776362992,9.754479776362992,9.754479776362992
2395,9.754479776362992,9.754479776362992,9.754479776362992,9.754479776362992,9.754479776362992,9.754479776362992,9.754479776362992
2396,9.754479776362992,9.754479776362992,9.754479776362992,9.754479776362992,9.754479776362992,9.754479776362992,9.754479776362992
2397,9.754479776362992,9.754479776362992,9.754479776362992,9.754479776362992,9.754479776362992,9.754479776362992,9.754479776362992
2398,9.754479776362992,9.754479776362992,9.754479776362992,9.754479776362992,9.754479776362992,9.754479776362992,9.754479776362992
2399,9.754479776362992,9.754479776362992,9.754479776362992,9.754479776362992,9.754479776362992,9.754479776362992,9.754479776362992
2400,9.754479776362992,9.754479776362992,9.754479776362992,9.754479776362992,9.754479776362992,9.754479776362992,9.754479776362992
2401,9.754479776362992,9.754479776362992,9.754479776362992,9.754479776362992,9.754479776362992,9.754479776362992,9.754479776362992
2402,9.754479776362992,9.754479776362992,9.754479776362992,9.754479776362992,9.754479776362992,9.754479776362992,9.754479776362992
2403,9.754479776362992,9.754479776362992,9.754479776362992,9.754479776362992,9.754479776362992,9.754479776362992,9.754479776362992
2404,9.754479776362992,9.754479776362992,9.754479776362992,9.754479776362992,9.754479776362992,9.754479776362992,9.754479776362992
2405,9.754479776362992,9.754479776362992,9.754479776362992,9.754479776362992,9.754479776362992,9.754479776362992,9.754479776362992
2406,9.754479776362992,9.754479776362992,9.754479776362992,9.754479776362992,9.754479776362992,9.754479776362992,9.754479776362992
2407,9.754479776362992,9.754479776362992,9.754479776362992,9.754479776362992,9.754479776362992,9.754479776362992,9.754479776362992
2408,9.754479776362992,9.754479776362992,9.754479776362992,9.754479776362992,9.754479776362992,9.754479776362992,9.754479776362992
2409,9.754479776362992,9.754479776362992,9.754479776362992,9.754479776362992,9.754479776362992,9.754479776362992,9.754479776362992
2410,9.754479776362992,9.754479776362992,9.754479776362992,9.754479776362992,9.754479776362992,9.754479776362992,9.754479776362992
2411,9.754479776362992,9.754479776362992,9.754479776362992,9.754479776362992,9.754479776362992,9.754479776362992,9.754479776362992
2412,9.754479776362992,9.754479776362992,9.754479776362992,9.754479776362992,9.754479776362992,9.754479776362992,9.754479776362992
2413,9.754479776362992,9.754479776362992,9.754479776362992,9.754479776362992,9.754479776362992,9.754479776362992,9.754479776362992
2414,9.754479776362992,9.754479776362992,9.754479776362992,9.754479776362992,9.754479776362992,9.754479776362992,9.754479776362992
2415,9.754479776362992,9.754479776362992,9.754479776362992,9.754479776362992,9.754479776362992,9.754479776362992,9.754479776362992
2416,9.754479776362992,9.754479776362992,9.754479776362992,9.754479776362992,9.754479776362992,9.754479776362992,9.754479776362992
2417,9.754479776362992,9.754479776362992,9.754479776362992,9.754479776362992,9.754479776362992,9.754479776362992,9.754479776362992
2418,9.754479776362992,9.754479776362992,9.754479776362992,9.754479776362992,9.754479776362992,9.754479776362992,9.754479776362992
2419,9.754479776362992,9.754479776362992,9.754479776362992,9.754479776362992,9.754479776362992,9.754479776362992,9.754479776362992
2420,9.754479776362992,9.754479776362992,9.754479776362992,9.754479776362992,9.754479776362992,9.754479776362992,9.754479776362992
2421,9.754479776362992,9.754479776362992,9.754479776362992,9.754479776362992,9.754479776362992,9.754479776362992,9.754479776362992
2422,9.754479776362992,9.754479776362992,9.754479776362992,9.754479776362992,9.754479776362992,9.754479776362992,9.754479776362992
2423,9.754479776362992,9.754479776362992,9.754479776362992,9.754479776362992,9.754479776362992,9.754479776362992,9.754479776362992
2424,9.754479776362992,9.754479776362992,9.754479776362992,9.754479776362992,9.754479776362992,9.754479776362992,9.754479776362992
2425,9.754479776362992,9.754479776362992,9.754479776362992,9.754479776362992,9.754479776362992,9.754479776362992,9.754479776362992
2426,9.754479776362992,9.754479776362992,9.754479776362992,9.754479776362992,9.754479776362992,9.754479776362992,9.754479776362992
2427,9.754479776362992,9.754479776362992,9.754479776362992,9.754479776362992,9.754479776362992,9.754479776362992,9.754479776362992
2428,9.754479776362992,9.754479776362992,9.754479776362992,9.754479776362992,9.754479776362992,9.754479776362992,9.754479776362992
2429,9.754479776362992,9.754479776362992,9.754479776362992,9.754479776362992,9.754479776362992,9.754479776362992,9.754479776362992
2430,9.754479776362992,9.754479776362992,9.754479776362992,9.754479776362992,9.754479776362992,9.754479776362992,9.754479776362992
2431,9.754479776362992,9.754479776362992,9.754479776362992,9.754479776362992,9.754479776362992,9.754479776362992,9.754479776362992
2432,9.754479776362992,9.754479776362992,9.754479776362992,9.754479776362992,9.754479776362992,9.754479776362992,9.754479776362992
2433,9.754479776362992,9.754479776362992,9.754479776362992,9.754479776362992,9.754479776362992,9.754479776362992,9.754479776362992
2434,32.514932587876636,32.514932587876636,32.514932587876636,32.514932587876636,32.514932587876636,32.514932587876636,32.514932587876636
2435,32.514932587876636,32.514932587876636,32.514932587876636,32.514932587876636,32.514932587876636,32.514932587876636,32.514932587876636
2436,32.514932587876636,32.514932587876636,32.514932587876636,32.514932587876636,32.514932587876636,32.514932587876636,32.514932587876636
2437,32.514932587876636,32.514932587876636,32.514932587876636,32.514932587876636,32.514932587876636,32.514932587876636,32.514932587876636
2438,32.514932587876636,32.514932587876636,32.514932587876636,32.514932587876636,32.514932587876636,32.514932587876636,32.514932587876636
2439,32.514932587876636,32.514932587876636,32.514932587876636,32.514932587876636,32.514932587876636,32.514932587876636,32.514932587876636
2440,32.514932587876636,32.514932587876636,32.514932587876636,32.514932587876636,32.514932587876636,32.514932587876636,32.514932587876636
2441,32.514932587876636,32.514932587876636,32.514932587876636,32.514932587876636,32.514932587876636,32.514932587876636,32.514932587876636
2442,32.514932587876636,32.514932587876636,32.514932587876636,32.514932587876636,32.514932587876636,32.514932587876636,32.514932587876636
2443,32.514932587876636,32.514932587876636,32.514932587876636,32.514932587876636,32.514932587876636,32.514932587876636,32.514932587876636
2444,32.514932587876636,32.514932587876636,32.514932587876636,32.514932587876636,32.514932587876636,32.514932587876636,32.514932587876636
2445,32.514932587876636,32.514932587876636,32.514932587876636,32.514932587876636,32.514932587876636,32.514932587876636,32.514932587876636
2446,32.514932587876636,32.514932587876636,32.514932587876636,32.514932587876636,32.514932587876636,32.514932587876636,32.514932587876636
2447,32.514932587876636,32.514932587876636,32.514932587876636,32.514932587876636,32.514932587876636,32.514932587876636,32.514932587876636
2448,32.514932587876636,32.514932587876636,32.514932587876636,32.514932587876636,32.514932587876636,32.514932587876636,32.514932587876636
2449,32.514932587876636,32.514932587876636,32.514932587876636,32.514932587876636,32.514932587876636,32.514932587876636,32.514932587876636
2450,32.514932587876636,32.514932587876636,32.514932587876636,32.514932587876636,32.514932587876636,32.514932587876636,32.514932587876636
2451,32.514932587876636,32.514932587876636,32.514932587876636,32.514932587876636,32.514932587876636,32.514932587876636,32.514932587876636
2452,32.514932587876636,32.514932587876636,32.514932587876636,32.514932587876636,32.514932587876636,32.514932587876636,32.514932587876636
2453,32.514932587876636,32.514932587876636,32.514932587876636,32.514932587876636,32.514932587876636,32.514932587876636,32.514932587876636
2454,32.514932587876636,32.514932587876636,32.514932587876636,32.514932587876636,32.514932587876636,32.514932587876636,32.514932587876636
2455,32.514932587876636,32.514932587876636,32.514932587876636,32.514932587876636,32.514932587876636,32.514932587876636,32.514932587876636
2456,32.514932587876636,32.514932587876636,32.514932587876636,32.514932587876636,32.514932587876636,32.514932587876636,32.514932587876636
2457,32.514932587876636,32.514932587876636,32.514932587876636,32.514932587876636,32.514932587876636,32.514932587876636,32.514932587876636
2458,32.514932587876636,32.514932587876636,32.514932587876636,32.514932587876636,32.514932587876636,32.514932587876636,32.514932587876636
2459,32.514932587876636,32.514932587876636,32.514932587876636,32.514932587876636,32.514932587876636,32.514932587876636,32.514932587876636
2460,32.514932587876636,32.514932587876636,32.514932587876636,32.514932587876636,32.514932587876636,32.514932587876636,32.514932587876636
2461,32.514932587876636,32.514932587876636,32.514932587876636,32.514932587876636,32.514932587876636,32.514932587876636,32.514932587876636
2462,32.514932587876636,32.514932587876636,32.514932587876636,32.514932587876636,32.514932587876636,32.514932587876636,32.514932587876636
2463,32.514932587876636,32.514932587876636,32.514932587876636,32.514932587876636,32.514932587876636,32.514932587876636,32.514932587876636
2464,32.514932587876636,32.514932587876636,32.514932587876636,32.514932587876636,32.514932587876636,32.514932587876636,32.514932587876636
2465,32.514932587876636,32.514932587876636,32.514932587876636,32.514932587876636,32.514932587876636,32.514932587876636,32.514932587876636
2466,32.514932587876636,32.514932587876636,32.514932587876636,32.514932587876636,32.514932587876636,32.514932587876636,32.514932587876636
2467,32.514932587876636,32.514932587876636,32.514932587876636,32.514932587876636,32.514932587876636,32.514932587876636,32.514932587876636
2468,32.514932587876636,32.514932587876636,32.514932587876636,32.514932587876636,32.514932587876636,32.514932587876636,32.514932587876636
2469,32.514932587876636,32.514932587876636,32.514932587876636,32.514932587876636,32.514932587876636,32.514932587876636,32.514932587876636
2470,32.514932587876636,32.514932587876636,32.514932587876636,32.514932587876636,32.514932587876636,32.514932587876636,32.514932587876636
2471,32.514932587876636,32.514932587876636,32.514932587876636,32.514932587876636,32.514932587876636,32.514932587876636,32.514932587876636
2472,32.514932587876636,32.514932587876636,32.514932587876636,32.514932587876636,32.514932587876636,32.514932587876636,32.514932587876636
2473,32.514932587876636,32.514932587876636,32.514932587876636,32.514932587876636,32.514932587876636,32.514932587876636,32.514932587876636
2474,32.514932587876636,32.514932587876636,32.514932587876636,32.514932587876636,32.514932587876636,32.514932587876636,32.514932587876636
2475,32.514932587876636,32.514932587876636,32.514932587876636,32.514932587876636,32.514932587876636,32.514932587876636,32.514932587876636
2476,32.514932587876636,32.514932587876636,32.514932587876636,32.514932587876636,32.514932587876636,32.514932587876636,32.514932587876636
2477,32.514932587876636,32.514932587876636,32.514932587876636,32.514932587876636,32.514932587876636,32.514932587876636,32.514932587876636
2478,32.514932587876636,32.514932587876636,32.514932587876636,32.514932587876636,32.514932587876636,32.514932587876636,32.514932587876636
2479,32.514932587876636,32.514932587876636,32.514932587876636,32.514932587876636,32.514932587876636,32.514932587876636,32.514932587876636
2480,32.514932587876636,32.514932587876636,32.514932587876636,32.514932587876636,32.514932587876636,32.514932587876636,32.514932587876636
2481,32.514932587876636,32.514932587876636,32.514932587876636,32.514932587876636,32.514932587876636,32.514932587876636,32.514932587876636
2482,32.514932587876636,32.514932587876636,32.514932587876636,32.514932587876636,32.514932587876636,32.514932587876636,32.514932587876636
2483,32.514932587876636,32.514932587876636,32.514932587876636,32.514932587876636,32.514932587876636,32.514932587876636,32.514932587876636
2484,32.514932587876636,32.514932587876636,32.514932587876636,32.514932587876636,32.514932587876636,32.514932587876636,32.514932587876636
2485,32.514932587876636,32.514932587876636,32.514932587876636,32.514932587876636,32.514932587876636,32.514932587876636,32.514932587876636
2486,32.514932587876636,32.514932587876636,32.514932587876636,32.514932587876636,32.514932587876636,32.514932587876636,32.514932587876636
2487,32.514932587876636,32.514932587876636,32.514932587876636,32.514932587876636,32.514932587876636,32.514932587876636,32.514932587876636
2488,32.514932587876636,32.514932587876636,32.514932587876636,32.514932587876636,32.514932587876636,32.514932587876636,32.514932587876636
2489,32.514932587876636,32.514932587876636,32.514932587876636,32.514932587876636,32.514932587876636,32.514932587876636,32.514932587876636
2490,32.514932587876636,32.514932587876636,32.514932587876636,32.514932587876636,32.514932587876636,32.514932587876636,32.514932587876636
2491,32.514932587876636,32.514932587876636,32.514932587876636,32.514932587876636,32.514932587876636,32.514932587876636,32.514932587876636
2492,32.514932587876636,32.514932587876636,32.514932587876636,32.514932587876636,32.514932587876636,32.514932587876636,32.514932587876636
2493,32.514932587876636,32.514932587876636,32.514932587876636,32.514932587876636,32.514932587876636,32.514932587876636,32.514932587876636
2494,32.514932587876636,32.514932587876636,32.514932587876636,32.514932587876636,32.514932587876636,32.514932587876636,32.514932587876636
2495,32.514932587876636,32.514932587876636,32.514932587876636,32.514932587876636,32.514932587876636,32.514932587876636,32.514932587876636
2496,32.514932587876636,32.514932587876636,32.514932587876636,32.514932587876636,32.514932587876636,32.514932587876636,32.514932587876636
2497,32.514932587876636,32.514932587876636,32.514932587876636,32.514932587876636,32.514932587876636,32.514932587876636,32.514932587876636
2498,32.514932587876636,32.514932587876636,32.514932587876636,32.514932587876636,32.514932587876636,32.514932587876636,32.514932587876636
2499,32.514932587876636,32.514932587876636,32.514932587876636,32.514932587876636,32.514932587876636,32.514932587876636,32.514932587876636
2500,32.514932587876636,32.514932587876636,32.514932587876636,32.514932587876636,32.514932587876636,32.514932587876636,32.514932587876636
2501,32.514932587876636,32.514932587876636,32.514932587876636,32.514932587876636,32.514932587876636,32.514932587876636,32.514932587876636
2502,32.514932587876636,32.514932587876636,32.514932587876636,32.514932587876636,32.514932587876636,32.514932587876636,32.514932587876636
2503,32.514932587876636,32.514932587876636,32.514932587876636,32.514932587876636,32.514932587876636,32.514932587876636,32.514932587876636
2504,32.514932587876636,32.514932587876636,32.514932587876636,32.514932587876636,32.514932587876636,32.514932587876636,32.514932587876636
2505,32.514932587876636,32.514932587876636,32.514932587876636,32.514932587876636,32.514932587876636,32.514932587876636,32.514932587876636
2506,32.514932587876636,32.514932587876636,32.514932587876636,32.514932587876636,32.514932587876636,32.514932587876636,32.514932587876636
2507,32.514932587876636,32.514932587876636,32.514932587876636,32.514932587876636,32.514932587876636,32.514932587876636,32.514932587876636
2508,32.514932587876636,32.514932587876636,32.514932587876636,32.514932587876636,32.514932587876636,32.514932587876636,32.514932587876636
2509,32.514932587876636,32.514932587876636,32.514932587876636,32.514932587876636,32.514932587876636,32.514932587876636,32.514932587876636
2510,32.514932587876636,32.514932587876636,32.514932587876636,32.514932587876636,32.514932587876636,32.514932587876636,32.514932587876636
2511,32.514932587876636,32.514932587876636,32.514932587876636,32.514932587876636,32.514932587876636,32.514932587876636,32.514932587876636
2512,32.514932587876636,32.514932587876636,32.514932587876636,32.514932587876636,32.514932587876636,32.514932587876636,32.514932587876636
2513,32.514932587876636,32.514932587876636,32.514932587876636,32.514932587876636,32.514932587876636,32.514932587876636,32.514932587876636
2514,32.514932587876636,32.514932587876636,32.514932587876636,32.514932587876636,32.514932587876636,32.514932587876636,32.514932587876636
2515,32.514932587876636,32.514932587876636,32.514932587876636,32.514932587876636,32.514932587876636,32.514932587876636,32.514932587876636
2516,32.514932587876636,32.514932587876636,32.514932587876636,32.514932587876636,32.514932587876636,32.514932587876636,32.514932587876636
2517,32.514932587876636,32.514932587876636,32.514932587876636,32.514932587876636,32.514932587876636,32.514932587876636,32.514932587876636
2518,32.514932587876636,32.514932587876636,32.514932587876636,32.514932587876636,32.514932587876636,32.514932587876636,32.514932587876636
2519,32.514932587876636,32.514932587876636,32.514932587876636,32.514932587876636,32.514932587876636,32.514932587876636,32.514932587876636
2520,32.514932587876636,32.514932587876636,32.514932587876636,32.514932587876636,32.514932587876636,32.514932587876636,32.514932587876636
2521,32.514932587876636,32.514932587876636,32.514932587876636,32.514932587876636,32.514932587876636,32.514932587876636,32.514932587876636
2522,32.514932587876636,32.514932587876636,32.514932587876636,32.514932587876636,32.514932587876636,32.514932587876636,32.514932587876636
2523,32.514932587876636,32.514932587876636,32.514932587876636,32.514932587876636,32.514932587876636,32.514932587876636,32.514932587876636
2524,32.514932587876636,32.514932587876636,32.514932587876636,32.514932587876636,32.514932587876636,32.514932587876636,32.514932587876636
2525,32.514932587876636,32.514932587876636,32.514932587876636,32.514932587876636,32.514932587876636,32.514932587876636,32.514932587876636
2526,32.514932587876636,32.514932587876636,32.514932587876636,32.514932587876636,32.514932587876636,32.514932587876636,32.514932587876636
2527,32.514932587876636,32.514932587876636,32.514932587876636,32.514932587876636,32.514932587876636,32.514932587876636,32.514932587876636
2528,32.514932587876636,32.514932587876636,32.514932587876636,32.514932587876636,32.514932587876636,32.514932587876636,32.514932587876636
2529,32.514932587876636,32.514932587876636,32.514932587876636,32.514932587876636,32.514932587876636,32.514932587876636,32.514932587876636
2530,32.514932587876636,32.514932587876636,32.514932587876636,32.514932587876636,32.514932587876636,32.514932587876636,32.514932587876636
2531,32.514932587876636,32.514932587876636,32.514932587876636,32.514932587876636,32.514932587876636,32.514932587876636,32.514932587876636
2532,32.514932587876636,32.514932587876636,32.514932587876636,32.514932587876636,32.514932587876636,32.514932587876636,32.514932587876636
2533,32.514932587876636,32.514932587876636,32.514932587876636,32.514932587876636,32.514932587876636,32.514932587876636,32.514932587876636
2534,32.514932587876636,32.514932587876636,32.514932587876636,32.514932587876636,32.514932587876636,32.514932587876636,32.514932587876636
2535,32.514932587876636,32.514932587876636,32.514932587876636,32.514932587876636,32.514932587876636,32.514932587876636,32.514932587876636
2536,32.514932587876636,32.514932587876636,32.514932587876636,32.514932587876636,32.514932587876636,32.514932587876636,32.514932587876636
2537,32.514932587876636,32.514932587876636,32.514932587876636,32.514932587876636,32.514932587876636,32.514932587876636,32.514932587876636
2538,32.514932587876636,32.514932587876636,32.514932587876636,32.514932587876636,32.514932587876636,32.514932587876636,32.514932587876636
2539,32.514932587876636,32.514932587876636,32.514932587876636,32.514932587876636,32.514932587876636,32.514932587876636,32.514932587876636
2540,32.514932587876636,32.514932587876636,32.514932587876636,32.514932587876636,32.514932587876636,32.514932587876636,32.514932587876636
2541,32.514932587876636,32.514932587876636,32.514932587876636,32.514932587876636,32.514932587876636,32.514932587876636,32.514932587876636
2542,32.514932587876636,32.514932587876636,32.514932587876636,32.514932587876636,32.514932587876636,32.514932587876636,32.514932587876636
2543,32.514932587876636,32.514932587876636,32.514932587876636,32.514932587876636,32.514932587876636,32.514932587876636,32.514932587876636
2544,32.514932587876636,32.514932587876636,32.514932587876636,32.514932587876636,32.514932587876636,32.514932587876636,32.514932587876636
2545,32.514932587876636,32.514932587876636,32.514932587876636,32.514932587876636,32.514932587876636,32.514932587876636,32.514932587876636
2546,32.514932587876636,32.514932587876636,32.514932587876636,32.514932587876636,32.514932587876636,32.514932587876636,32.514932587876636
2547,32.514932587876636,32.514932587876636,32.514932587876636,32.514932587876636,32.514932587876636,32.514932587876636,32.514932587876636
2548,32.514932587876636,32.514932587876636,32.514932587876636,32.514932587876636,32.514932587876636,32.514932587876636,32.514932587876636
2549,32.514932587876636,32.514932587876636,32.514932587876636,32.514932587876636,32.514932587876636,32.514932587876636,32.514932587876636
2550,32.514932587876636,32.514932587876636,32.514932587876636,32.514932587876636,32.514932587876636,32.514932587876636,32.514932587876636
2551,32.514932587876636,32.514932587876636,32.514932587876636,32.514932587876636,32.514932587876636,32.514932587876636,32.514932587876636
2552,32.514932587876636,32.514932587876636,32.514932587876636,32.514932587876636,32.514932587876636,32.514932587876636,32.514932587876636
2553,32.514932587876636,32.514932587876636,32.514932587876636,32.514932587876636,32.514932587876636,32.514932587876636,32.514932587876636
2554,32.514932587876636,32.514932587876636,32.514932587876636,32.514932587876636,32.514932587876636,32.514932587876636,32.514932587876636
2555,32.514932587876636,32.514932587876636,32.514932587876636,32.514932587876636,32.514932587876636,32.514932587876636,32.514932587876636
2556,9.754479776362992,9.754479776362992,9.754479776362992,9.754479776362992,9.754479776362992,9.754479776362992,9.754479776362992
2557,9.754479776362992,9.754479776362992,9.754479776362992,9.754479776362992,9.754479776362992,9.754479776362992,9.754479776362992
2558,9.754479776362992,9.754479776362992,9.754479776362992,9.754479776362992,9.754479776362992,9.754479776362992,9.754479776362992
2559,9.754479776362992,9.754479776362992,9.754479776362992,9.754479776362992,9.754479776362992,9.754479776362992,9.754479776362992
2560,9.754479776362992,9.754479776362992,9.754479776362992,9.754479776362992,9.754479776362992,9.754479776362992,9.754479776362992
2561,9.754479776362992,9.754479776362992,9.754479776362992,9.754479776362992,9.754479776362992,9.754479776362992,9.754479776362992
2562,9.754479776362992,9.754479776362992,9.754479776362992,9.754479776362992,9.754479776362992,9.754479776362992,9.754479776362992
2563,9.754479776362992,9.754479776362992,9.754479776362992,9.754479776362992,9.754479776362992,9.754479776362992,9.754479776362992
2564,9.754479776362992,9.754479776362992,9.754479776362992,9.754479776362992,9.754479776362992,9.754479776362992,9.754479776362992
2565,9.754479776362992,9.754479776362992,9.754479776362992,9.754479776362992,9.754479776362992,9.754479776362992,9.754479776362992
2566,9.754479776362992,9.754479776362992,9.754479776362992,9.754479776362992,9.754479776362992,9.754479776362992,9.754479776362992
2567,9.754479776362992,9.754479776362992,9.754479776362992,9.754479776362992,9.754479776362992,9.754479776362992,9.754479776362992
2568,9.754479776362992,9.754479776362992,9.754479776362992,9.754479776362992,9.754479776362992,9.754479776362992,9.754479776362992
2569,9.754479776362992,9.754479776362992,9.754479776362992,9.754479776362992,9.754479776362992,9.754479776362992,9.754479776362992
2570,9.754479776362992,9.754479776362992,9.754479776362992,9.754479776362992,9.754479776362992,9.754479776362992,9.754479776362992
2571,863.8028561235212,863.8028561235212,863.8028561235212,863.8028561235212,863.8028561235212,863.8028561235212,863.8028561235212
2572,863.8028561235212,863.8028561235212,863.8028561235212,863.8028561235212,863.8028561235212,863.8028561235212,1410.8269390405485
2573,863.8028561235212,863.8028561235212,863.8028561235212,863.8028561235212,863.8028561235212,1213.720446282784,1213.720446282784
2574,863.8028561235212,863.8028561235212,863.8028561235212,863.8028561235212,1073.672821357894,1073.672821357894,1073.672821357894
2575,863.8028561235212,863.8028561235212,863.8028561235212,951.2278477653604,951.2278477653604,951.2278477653604,951.2278477653604
2576,863.8028561235212,863.8028561235212,834.6869516708201,834.6869516708201,834.6869516708201,834.6869516708201,834.6869516708201
2577,863.8028561235212,723.7484042950329,723.7484042950329,723.7484042950329,723.7484042950329,723.7484042950329,723.7484042950329
2578,573.6872634152968,573.6872634152968,573.6872634152968,573.6872634152968,573.6872634152968,573.6872634152968,573.6872634152968
2579,457.22929281568753,457.22929281568753,457.22929281568753,457.22929281568753,457.22929281568753,457.22929281568753,457.22929281568753
2580,360.3499063246731,360.3499063246731,360.3499063246731,360.3499063246731,360.3499063246731,360.3499063246731,360.3499063246731
2581,275.8839900775999,275.8839900775999,275.8839900775999,275.8839900775999,275.8839900775999,275.8839900775999,275.8839900775999
2582,202.50346311303525,202.50346311303525,202.50346311303525,202.50346311303525,202.50346311303525,202.50346311303525,202.50346311303525
2583,137.2839816918981,137.2839816918981,137.2839816918981,137.2839816918981,137.2839816918981,137.2839816918981,137.2839816918981
2584,80.42672335955562,80.42672335955562,80.42672335955562,80.42672335955562,80.42672335955562,80.42672335955562,80.42672335955562
2585,49.06015408469041,49.06015408469041,49.06015408469041,49.06015408469041,49.06015408469041,49.06015408469041,49.06015408469041
2586,9.754479776362992,9.754479776362992,9.754479776362992,9.754479776362992,9.754479776362992,9.754479776362992,9.754479776362992
2587,9.754479776362992,9.754479776362992,9.754479776362992,9.754479776362992,9.754479776362992,9.754479776362992,9.754479776362992
2588,9.754479776362992,9.754479776362992,9.754479776362992,9.754479776362992,9.754479776362992,9.754479776362992,9.754479776362992
2589,9.754479776362992,9.754479776362992,9.754479776362992,9.754479776362992,9.754479776362992,9.754479776362992,9.754479776362992
2590,9.754479776362992,9.754479776362992,9.754479776362992,9.754479776362992,9.754479776362992,9.754479776362992,9.754479776362992
2591,9.754479776362992,9.754479776362992,9.754479776362992,9.754479776362992,9.754479776362992,9.754479776362992,9.754479776362992
2592,9.754479776362992,9.754479776362992,9.754479776362992,9.754479776362992,9.754479776362992,9.754479776362992,9.754479776362992
2593,9.754479776362992,9.754479776362992,9.754479776362992,9.754479776362992,9.754479776362992,9.754479776362992,9.754479776362992
2594,9.754479776362992,9.754479776362992,9.754479776362992,9.754479776362992,9.754479776362992,9.754479776362992,9.754479776362992
2595,9.754479776362992,9.754479776362992,9.754479776362992,9.754479776362992,9.754479776362992,9.754479776362992,9.754479776362992
2596,9.754479776362992,9.754479776362992,9.754479776362992,9.754479776362992,9.754479776362992,9.754479776362992,9.754479776362992
2597,9.754479776362992,9.754479776362992,9.754479776362992,9.754479776362992,9.754479776362992,9.754479776362992,9.754479776362992
2598,9.754479776362992,9.754479776362992,9.754479776362992,9.754479776362992,9.754479776362992,9.754479776362992,9.754479776362992
2599,9.754479776362992,9.754479776362992,9.754479776362992,9.754479776362992,9.754479776362992,9.754479776362992,9.754479776362992
2600,9.754479776362992,9.754479776362992,9.754479776362992,9.754479776362992,9.754479776362992,9.754479776362992,9.754479776362992
2601,9.754479776362992,9.754479776362992,9.754479776362992,9.754479776362992,9.754479776362992,9.754479776362992,9.754479776362992
2602,9.754479776362992,9.754479776362992,9.754479776362992,9.754479776362992,9.754479776362992,9.754479776362992,9.754479776362992
2603,9.754479776362992,9.754479776362992,9.754479776362992,9.754479776362992,9.754479776362992,9.754479776362992,9.754479776362992
2604,9.754479776362992,9.754479776362992,9.754479776362992,9.754479776362992,9.754479776362992,9.754479776362992,9.754479776362992
2605,9.754479776362992,9.754479776362992,9.754479776362992,9.754479776362992,9.754479776362992,9.754479776362992,9.754479776362992
2606,9.754479776362992,9.754479776362992,9.754479776362992,9.754479776362992,9.754479776362992,9.754479776362992,9.754479776362992
2607,9.754479776362992,9.754479776362992,9.754479776362992,9.754479776362992,9.754479776362992,9.754479776362992,9.754479776362992
2608,9.754479776362992,9.754479776362992,9.754479776362992,9.754479776362992,9.754479776362992,9.754479776362992,9.754479776362992
2609,9.754479776362992,9.754479776362992,9.754479776362992,9.754479776362992,9.754479776362992,9.754479776362992,9.754479776362992
2610,9.754479776362992,9.754479776362992,9.754479776362992,9.754479776362992,9.754479776362992,9.754479776362992,9.754479776362992
2611,9.754479776362992,9.754479776362992,9.754479776362992,9.754479776362992,9.754479776362992,9.754479776362992,9.754479776362992
2612,9.754479776362992,9.754479776362992,9.754479776362992,9.754479776362992,9.754479776362992,9.754479776362992,9.754479776362992
2613,9.754479776362992,9.754479776362992,9.754479776362992,9.754479776362992,9.754479776362992,9.754479776362992,9.754479776362992
2614,9.754479776362992,9.754479776362992,9.754479776362992,9.754479776362992,9.754479776362992,9.754479776362992,9.754479776362992
2615,9.754479776362992,9.754479776362992,9.754479776362992,9.754479776362992,9.754479776362992,9.754479776362992,9.754479776362992
2616,9.754479776362992,9.754479776362992,9.754479776362992,9.754479776362992,9.754479776362992,9.754479776362992,9.754479776362992
2617,9.754479776362992,9.754479776362992,9.754479776362992,9.754479776362992,9.754479776362992,9.754479776362992,9.754479776362992
2618,9.754479776362992,9.754479776362992,9.754479776362992,9.754479776362992,9.754479776362992,9.754479776362992,9.754479776362992
2619,9.754479776362992,9.754479776362992,9.754479776362992,9.754479776362992,9.754479776362992,9.754479776362992,9.754479776362992
2620,9.754479776362992,9.754479776362992,9.754479776362992,9.754479776362992,9.754479776362992,9.754479776362992,9.754479776362992
2621,9.754479776362992,9.754479776362992,9.754479776362992,9.754479776362992,9.754479776362992,9.754479776362992,9.754479776362992
2622,9.754479776362992,9.754479776362992,9.754479776362992,9.754479776362992,9.754479776362992,9.754479776362992,9.754479776362992
2623,9.754479776362992,9.754479776362992,9.754479776362992,9.754479776362992,9.754479776362992,9.754479776362992,9.754479776362992
2624,9.754479776362992,9.754479776362992,9.754479776362992,9.754479776362992,9.754479776362992,9.754479776362992,9.754479776362992
2625,9.754479776362992,9.754479776362992,9.754479776362992,9.754479776362992,9.754479776362992,9.754479776362992,9.754479776362992
2626,9.754479776362992,9.754479776362992,9.754479776362992,9.754479776362992,9.754479776362992,9.754479776362992,9.754479776362992
2627,9.754479776362992,9.754479776362992,9.754479776362992,9.754479776362992,9.754479776362992,9.754479776362992,9.754479776362992
2628,9.754479776362992,9.754479776362992,9.754479776362992,9.754479776362992,9.754479776362992,9.754479776362992,9.754479776362992
2629,9.754479776362992,9.754479776362992,9.754479776362992,9.754479776362992,9.754479776362992,9.754479776362992,9.754479776362992
2630,9.754479776362992,9.754479776362992,9.754479776362992,9.754479776362992,9.754479776362992,9.754479776362992,9.754479776362992
2631,9.754479776362992,9.754479776362992,9.754479776362992,9.754479776362992,9.754479776362992,9.754479776362992,9.754479776362992
2632,9.754479776362992,9.754479776362992,9.754479776362992,9.754479776362992,9.754479776362992,9.754479776362992,9.754479776362992
2633,9.754479776362992,9.754479776362992,9.754479776362992,9.754479776362992,9.754479776362992,9.754479776362992,9.754479776362992
2634,9.754479776362992,9.754479776362992,9.754479776362992,9.754479776362992,9.754479776362992,9.754479776362992,9.754479776362992
2635,9.754479776362992,9.754479776362992,9.754479776362992,9.754479776362992,9.754479776362992,9.754479776362992,9.754479776362992
2636,9.754479776362992,9.754479776362992,9.754479776362992,9.754479776362992,9.754479776362992,9.754479776362992,9.754479776362992
2637,9.754479776362992,9.754479776362992,9.754479776362992,9.754479776362992,9.754479776362992,9.754479776362992,9.754479776362992
2638,9.754479776362992,9.754479776362992,9.754479776362992,9.754479776362992,9.754479776362992,9.754479776362992,9.754479776362992
2639,9.754479776362992,9.754479776362992,9.754479776362992,9.754479776362992,9.754479776362992,9.754479776362992,9.754479776362992
2640,9.754479776362992,9.754479776362992,9.754479776362992,9.754479776362992,9.754479776362992,9.754479776362992,9.754479776362992
2641,9.754479776362992,9.754479776362992,9.754479776362992,9.754479776362992,9.754479776362992,9.754479776362992,9.754479776362992
2642,9.754479776362992,9.754479776362992,9.754479776362992,9.754479776362992,9.754479776362992,9.754479776362992,9.754479776362992
2643,9.754479776362992,9.754479776362992,9.754479776362992,9.754479776362992,9.754479776362992,9.754479776362992,9.754479776362992
2644,9.754479776362992,9.754479776362992,9.754479776362992,9.754479776362992,9.754479776362992,9.754479776362992,9.754479776362992
2645,9.754479776362992,9.754479776362992,9.754479776362992,9.754479776362992,9.754479776362992,9.754479776362992,9.754479776362992
2646,9.754479776362992,9.754479776362992,9.754479776362992,9.754479776362992,9.754479776362992,9.754479776362992,9.754479776362992
2647,9.754479776362992,9.754479776362992,9.754479776362992,9.754479776362992,9.754479776362992,9.754479776362992,9.754479776362992
2648,9.754479776362992,9.754479776362992,9.754479776362992,9.754479776362992,9.754479776362992,9.754479776362992,9.754479776362992
2649,9.754479776362992,9.754479776362992,9.754479776362992,9.754479776362992,9.754479776362992,9.754479776362992,9.754479776362992
2650,9.754479776362992,9.754479776362992,9.754479776362992,9.754479776362992,9.754479776362992,9.754479776362992,9.754479776362992
2651,9.754479776362992,9.754479776362992,9.754479776362992,9.754479776362992,9.754479776362992,9.754479776362992,9.754479776362992
2652,9.754479776362992,9.754479776362992,9.754479776362992,9.754479776362992,9.754479776362992,9.754479776362992,9.754479776362992
2653,9.754479776362992,9.754479776362992,9.754479776362992,9.754479776362992,9.754479776362992,9.754479776362992,9.754479776362992
2654,9.754479776362992,9.754479776362992,9.754479776362992,9.754479776362992,9.754479776362992,9.754479776362992,9.754479776362992
2655,9.754479776362992,9.754479776362992,9.754479776362992,9.754479776362992,9.754479776362992,9.754479776362992,9.754479776362992
2656,9.754479776362992,9.754479776362992,9.754479776362992,9.754479776362992,9.754479776362992,9.754479776362992,9.754479776362992
2657,9.754479776362992,9.754479776362992,9.754479776362992,9.754479776362992,9.754479776362992,9.754479776362992,9.754479776362992
2658,9.754479776362992,9.754479776362992,9.754479776362992,9.754479776362992,9.754479776362992,9.754479776362992,9.754479776362992
2659,9.754479776362992,9.754479776362992,9.754479776362992,9.754479776362992,9.754479776362992,9.754479776362992,9.754479776362992
2660,9.754479776362992,9.754479776362992,9.754479776362992,9.754479776362992,9.754479776362992,9.754479776362992,9.754479776362992
2661,9.754479776362992,9.754479776362992,9.754479776362992,9.754479776362992,9.754479776362992,9.754479776362992,9.754479776362992
2662,9.754479776362992,9.754479776362992,9.754479776362992,9.754479776362992,9.754479776362992,9.754479776362992,9.754479776362992
2663,9.754479776362992,9.754479776362992,9.754479776362992,9.754479776362992,9.754479776362992,9.754479776362992,9.754479776362992
2664,9.754479776362992,9.754479776362992,9.754479776362992,9.754479776362992,9.754479776362992,9.754479776362992,9.754479776362992
2665,9.754479776362992,9.754479776362992,9.754479776362992,9.754479776362992,9.754479776362992,9.754479776362992,9.754479776362992
2666,9.754479776362992,9.754479776362992,9.754479776362992,9.754479776362992,9.754479776362992,9.754479776362992,9.754479776362992
2667,9.754479776362992,9.754479776362992,9.754479776362992,9.754479776362992,9.754479776362992,9.754479776362992,9.754479776362992
2668,9.754479776362992,9.754479776362992,9.754479776362992,9.754479776362992,9.754479776362992,9.754479776362992,9.754479776362992
2669,9.754479776362992,9.754479776362992,9.754479776362992,9.754479776362992,9.754479776362992,9.754479776362992,9.754479776362992
2670,9.754479776362992,9.754479776362992,9.754479776362992,9.754479776362992,9.754479776362992,9.754479776362992,9.754479776362992
2671,9.754479776362992,9.754479776362992,9.754479776362992,9.754479776362992,9.754479776362992,9.754479776362992,9.754479776362992
2672,9.754479776362992,9.754479776362992,9.754479776362992,9.754479776362992,9.754479776362992,9.754479776362992,9.754479776362992
2673,9.754479776362992,9.754479776362992,9.754479776362992,9.754479776362992,9.754479776362992,9.754479776362992,9.754479776362992
2674,9.754479776362992,9.754479776362992,9.754479776362992,9.754479776362992,9.754479776362992,9.754479776362992,9.754479776362992
2675,9.754479776362992,9.754479776362992,9.754479776362992,9.754479776362992,9.754479776362992,9.754479776362992,9.754479776362992
2676,9.754479776362992,9.754479776362992,9.754479776362992,9.754479776362992,9.754479776362992,9.754479776362992,9.754479776362992
2677,9.754479776362992,9.754479776362992,9.754479776362992,9.754479776362992,9.754479776362992,9.754479776362992,9.754479776362992
2678,9.754479776362992,9.754479776362992,9.754479776362992,9.754479776362992,9.754479776362992,9.754479776362992,9.754479776362992
2679,9.754479776362992,9.754479776362992,9.754479776362992,9.754479776362992,9.754479776362992,9.754479776362992,9.754479776362992
2680,9.754479776362992,9.754479776362992,9.754479776362992,9.754479776362992,9.754479776362992,9.754479776362992,9.754479776362992
2681,9.754479776362992,9.754479776362992,9.754479776362992,9.754479776362992,9.754479776362992,9.754479776362992,9.754479776362992
2682,9.754479776362992,9.754479776362992,9.754479776362992,9.754479776362992,9.754479776362992,9.754479776362992,9.754479776362992
2683,9.754479776362992,9.754479776362992,9.754479776362992,9.754479776362992,9.754479776362992,9.754479776362992,9.754479776362992
2684,9.754479776362992,9.754479776362992,9.754479776362992,9.754479776362992,9.754479776362992,9.754479776362992,9.754479776362992
2685,9.754479776362992,9.754479776362992,9.754479776362992,9.754479776362992,9.754479776362992,9.754479776362992,9.754479776362992
2686,9.754479776362992,9.754479776362992,9.754479776362992,9.754479776362992,9.754479776362992,9.754479776362992,9.754479776362992
2687,9.754479776362992,9.754479776362992,9.754479776362992,9.754479776362992,9.754479776362992,9.754479776362992,9.754479776362992
2688,9.754479776362992,9.754479776362992,9.754479776362992,9.754479776362992,9.754479776362992,9.754479776362992,9.754479776362992
2689,9.754479776362992,9.754479776362992,9.754479776362992,9.754479776362992,9.754479776362992,9.754479776362992,9.754479776362992
2690,9.754479776362992,9.754479776362992,9.754479776362992,9.754479776362992,9.754479776362992,9.754479776362992,9.754479776362992
2691,9.754479776362992,9.754479776362992,9.754479776362992,9.754479776362992,9.754479776362992,9.754479776362992,9.754479776362992
2692,9.754479776362992,9.754479776362992,9.754479776362992,9.754479776362992,9.754479776362992,9.754479776362992,9.754479776362992
2693,9.754479776362992,9.754479776362992,9.754479776362992,9.754479776362992,9.754479776362992,9.754479776362992,9.754479776362992
2694,9.754479776362992,9.754479776362992,9.754479776362992,9.754479776362992,9.754479776362992,9.754479776362992,9.754479776362992
2695,9.754479776362992,9.754479776362992,9.754479776362992,9.754479776362992,9.754479776362992,9.754479776362992,9.754479776362992
2696,9.754479776362992,9.754479776362992,9.754479776362992,9.754479776362992,9.754479776362992,9.754479776362992,9.754479776362992
2697,9.754479776362992,9.754479776362992,9.754479776362992,9.754479776362992,9.754479776362992,9.754479776362992,9.754479776362992
2698,9.754479776362992,9.754479776362992,9.754479776362992,9.754479776362992,9.754479776362992,9.754479776362992,9.754479776362992
2699,9.754479776362992,9.754479776362992,9.754479776362992,9.754479776362992,9.754479776362992,9.754479776362992,9.754479776362992
2700,9.754479776362992,9.754479776362992,9.754479776362992,9.754479776362992,9.754479776362992,9.754479776362992,9.754479776362992
2701,9.754479776362992,9.754479776362992,9.754479776362992,9.754479776362992,9.754479776362992,9.754479776362992,9.754479776362992
2702,9.754479776362992,9.754479776362992,9.754479776362992,9.754479776362992,9.754479776362992,9.754479776362992,9.754479776362992
2703,9.754479776362992,9.754479776362992,9.754479776362992,9.754479776362992,9.754479776362992,9.754479776362992,9.754479776362992
2704,9.754479776362992,9.754479776362992,9.754479776362992,9.754479776362992,9.754479776362992,9.754479776362992,9.754479776362992
2705,9.754479776362992,9.754479776362992,9.754479776362992,9.754479776362992,9.754479776362992,9.754479776362992,9.754479776362992
2706,9.754479776362992,9.754479776362992,9.754479776362992,9.754479776362992,9.754479776362992,9.754479776362992,9.754479776362992
2707,9.754479776362992,9.754479776362992,9.754479776362992,9.754479776362992,9.754479776362992,9.754479776362992,9.754479776362992
2708,9.754479776362992,9.754479776362992,9.754479776362992,9.754479776362992,9.754479776362992,9.754479776362992,9.754479776362992
2709,9.754479776362992,9.754479776362992,9.754479776362992,9.754479776362992,9.754479776362992,9.754479776362992,9.754479776362992
2710,9.754479776362992,9.754479776362992,9.754479776362992,9.754479776362992,9.754479776362992,9.754479776362992,9.754479776362992
2711,9.754479776362992,9.754479776362992,9.754479776362992,9.754479776362992,9.754479776362992,9.754479776362992,9.754479776362992
2712,9.754479776362992,9.754479776362992,9.754479776362992,9.754479776362992,9.754479776362992,9.754479776362992,9.754479776362992
2713,9.754479776362992,9.754479776362992,9.754479776362992,9.754479776362992,9.754479776362992,9.754479776362992,9.754479776362992
2714,9.754479776362992,9.754479776362992,9.754479776362992,9.754479776362992,9.754479776362992,9.754479776362992,9.754479776362992
2715,9.754479776362992,9.754479776362992,9.754479776362992,9.754479776362992,9.754479776362992,9.754479776362992,9.754479776362992
2716,9.754479776362992,9.754479776362992,9.754479776362992,9.754479776362992,9.754479776362992,9.754479776362992,9.754479776362992
2717,9.754479776362992,9.754479776362992,9.754479776362992,9.754479776362992,9.754479776362992,9.754479776362992,9.754479776362992
2718,9.754479776362992,9.754479776362992,9.754479776362992,9.754479776362992,9.754479776362992,9.754479776362992,9.754479776362992
2719,9.754479776362992,9.754479776362992,9.754479776362992,9.754479776362992,9.754479776362992,9.754479776362992,9.754479776362992
2720,9.754479776362992,9.754479776362992,9.754479776362992,9.754479776362992,9.754479776362992,9.754479776362992,9.754479776362992
2721,9.754479776362992,9.754479776362992,9.754479776362992,9.754479776362992,9.754479776362992,9.754479776362992,9.754479776362992
2722,9.754479776362992,9.754479776362992,9.754479776362992,9.754479776362992,9.754479776362992,9.754479776362992,9.754479776362992
2723,9.754479776362992,9.754479776362992,9.754479776362992,9.754479776362992,9.754479776362992,9.754479776362992,9.754479776362992
2724,9.754479776362992,9.754479776362992,9.754479776362992,9.754479776362992,9.754479776362992,9.754479776362992,9.754479776362992
2725,9.754479776362992,9.754479776362992,9.754479776362992,9.754479776362992,9.754479776362992,9.754479776362992,9.754479776362992
2726,9.754479776362992,9.754479776362992,9.754479776362992,9.754479776362992,9.754479776362992,9.754479776362992,9.754479776362992
2727,9.754479776362992,9.754479776362992,9.754479776362992,9.754479776362992,9.754479776362992,9.754479776362992,9.754479776362992
2728,9.754479776362992,9.754479776362992,9.754479776362992,9.754479776362992,9.754479776362992,9.754479776362992,9.754479776362992
2729,9.754479776362992,9.754479776362992,9.754479776362992,9.754479776362992,9.754479776362992,9.754479776362992,9.754479776362992
2730,9.754479776362992,9.754479776362992,9.754479776362992,9.754479776362992,9.754479776362992,9.754479776362992,9.754479776362992
2731,9.754479776362992,9.754479776362992,9.754479776362992,9.754479776362992,9.754479776362992,9.754479776362992,9.754479776362992
2732,9.754479776362992,9.754479776362992,9.754479776362992,9.754479776362992,9.754479776362992,9.754479776362992,9.754479776362992
2733,9.754479776362992,9.754479776362992,9.754479776362992,9.754479776362992,9.754479776362992,9.754479776362992,9.754479776362992
2734,9.754479776362992,9.754479776362992,9.754479776362992,9.754479776362992,9.754479776362992,9.754479776362992,9.754479776362992
2735,9.754479776362992,9.754479776362992,9.754479776362992,9.754479776362992,9.754479776362992,9.754479776362992,9.754479776362992
2736,9.754479776362992,9.754479776362992,9.754479776362992,9.754479776362992,9.754479776362992,9.754479776362992,9.754479776362992
2737,9.754479776362992,9.754479776362992,9.754479776362992,9.754479776362992,9.754479776362992,9.754479776362992,9.754479776362992
2738,9.754479776362992,9.754479776362992,9.754479776362992,9.754479776362992,9.754479776362992,9.754479776362992,9.754479776362992
2739,9.754479776362992,9.754479776362992,9.754479776362992,9.754479776362992,9.754479776362992,9.754479776362992,9.754479776362992
2740,9.754479776362992,9.754479776362992,9.754479776362992,9.754479776362992,9.754479776362992,9.754479776362992,9.754479776362992
2741,9.754479776362992,9.754479776362992,9.754479776362992,9.754479776362992,9.754479776362992,9.754479776362992,9.754479776362992
2742,9.754479776362992,9.754479776362992,9.754479776362992,9.754479776362992,9.754479776362992,9.754479776362992,9.754479776362992
2743,9.754479776362992,9.754479776362992,9.754479776362992,9.754479776362992,9.754479776362992,9.754479776362992,9.754479776362992
2744,9.754479776362992,9.754479776362992,9.754479776362992,9.754479776362992,9.754479776362992,9.754479776362992,9.754479776362992
2745,9.754479776362992,9.754479776362992,9.754479776362992,9.754479776362992,9.754479776362992,9.754479776362992,9.754479776362992
2746,9.754479776362992,9.754479776362992,9.754479776362992,9.754479776362992,9.754479776362992,9.754479776362992,9.754479776362992
2747,9.754479776362992,9.754479776362992,9.754479776362992,9.754479776362992,9.754479776362992,9.754479776362992,9.754479776362992
2748,9.754479776362992,9.754479776362992,9.754479776362992,9.754479776362992,9.754479776362992,9.754479776362992,9.754479776362992
2749,9.754479776362992,9.754479776362992,9.754479776362992,9.754479776362992,9.754479776362992,9.754479776362992,9.754479776362992
2750,9.754479776362992,9.754479776362992,9.754479776362992,9.754479776362992,9.754479776362992,9.754479776362992,9.754479776362992
2751,9.754479776362992,9.754479776362992,9.754479776362992,9.754479776362992,9.754479776362992,9.754479776362992,9.754479776362992
2752,9.754479776362992,9.754479776362992,9.754479776362992,9.754479776362992,9.754479776362992,9.754479776362992,9.754479776362992
2753,9.754479776362992,9.754479776362992,9.754479776362992,9.754479776362992,9.754479776362992,9.754479776362992,9.754479776362992
2754,9.754479776362992,9.754479776362992,9.754479776362992,9.754479776362992,9.754479776362992,9.754479776362992,9.754479776362992
2755,9.754479776362992,9.754479776362992,9.754479776362992,9.754479776362992,9.754479776362992,9.754479776362992,9.754479776362992
2756,9.754479776362992,9.754479776362992,9.754479776362992,9.754479776362992,9.754479776362992,9.754479776362992,9.754479776362992
2757,9.754479776362992,9.754479776362992,9.754479776362992,9.754479776362992,9.754479776362992,9.754479776362992,9.754479776362992
2758,9.754479776362992,9.754479776362992,9.754479776362992,9.754479776362992,9.754479776362992,9.754479776362992,9.754479776362992
2759,9.754479776362992,9.754479776362992,9.754479776362992,9.754479776362992,9.754479776362992,9.754479776362992,9.754479776362992
2760,9.754479776362992,9.754479776362992,9.754479776362992,9.754479776362992,9.754479776362992,9.754479776362992,9.754479776362992
2761,9.754479776362992,9.754479776362992,9.754479776362992,9.754479776362992,9.754479776362992,9.754479776362992,9.754479776362992
2762,9.754479776362992,9.754479776362992,9.754479776362992,9.754479776362992,9.754479776362992,9.754479776362992,9.754479776362992
2763,9.754479776362992,9.754479776362992,9.754479776362992,9.754479776362992,9.754479776362992,9.754479776362992,9.754479776362992
2764,9.754479776362992,9.754479776362992,9.754479776362992,9.754479776362992,9.754479776362992,9.754479776362992,9.754479776362992
2765,9.754479776362992,9.754479776362992,9.754479776362992,9.754479776362992,9.754479776362992,9.754479776362992,9.754479776362992
2766,9.754479776362992,9.754479776362992,9.754479776362992,9.754479776362992,9.754479776362992,9.754479776362992,9.754479776362992
2767,9.754479776362992,9.754479776362992,9.754479776362992,9.754479776362992,9.754479776362992,9.754479776362992,9.754479776362992
2768,9.754479776362992,9.754479776362992,9.754479776362992,9.754479776362992,9.754479776362992,9.754479776362992,9.754479776362992
2769,9.754479776362992,9.754479776362992,9.754479776362992,9.754479776362992,9.754479776362992,9.754479776362992,9.754479776362992
2770,9.754479776362992,9.754479776362992,9.754479776362992,9.754479776362992,9.754479776362992,9.754479776362992,9.754479776362992
2771,9.754479776362992,9.754479776362992,9.754479776362992,9.754479776362992,9.754479776362992,9.754479776362992,9.754479776362992
2772,9.754479776362992,9.754479776362992,9.754479776362992,9.754479776362992,9.754479776362992,9.754479776362992,9.754479776362992
2773,9.754479776362992,9.754479776362992,9.754479776362992,9.754479776362992,9.754479776362992,9.754479776362992,9.754479776362992
2774,9.754479776362992,9.754479776362992,9.754479776362992,9.754479776362992,9.754479776362992,9.754479776362992,9.754479776362992
2775,9.754479776362992,9.754479776362992,9.754479776362992,9.754479776362992,9.754479776362992,9.754479776362992,9.754479776362992
2776,9.754479776362992,9.754479776362992,9.754479776362992,9.754479776362992,9.754479776362992,9.754479776362992,9.754479776362992
2777,9.754479776362992,9.754479776362992,9.754479776362992,9.754479776362992,9.754479776362992,9.754479776362992,9.754479776362992
2778,9.754479776362992,9.754479776362992,9.754479776362992,9.754479776362992,9.754479776362992,9.754479776362992,9.754479776362992
2779,9.754479776362992,9.754479776362992,9.754479776362992,9.754479776362992,9.754479776362992,9.754479776362992,9.754479776362992
2780,9.754479776362992,9.754479776362992,9.754479776362992,9.754479776362992,9.754479776362992,9.754479776362992,9.754479776362992
2781,9.754479776362992,9.754479776362992,9.754479776362992,9.754479776362992,9.754479776362992,9.754479776362992,9.754479776362992
2782,9.754479776362992,9.754479776362992,9.754479776362992,9.754479776362992,9.754479776362992,9.754479776362992,9.754479776362992
2783,9.754479776362992,9.754479776362992,9.754479776362992,9.754479776362992,9.754479776362992,9.754479776362992,9.754479776362992
2784,9.754479776362992,9.754479776362992,9.754479776362992,9.754479776362992,9.754479776362992,9.754479776362992,9.754479776362992
2785,9.754479776362992,9.754479776362992,9.754479776362992,9.754479776362992,9.754479776362992,9.754479776362992,9.754479776362992
2786,9.754479776362992,9.754479776362992,9.754479776362992,9.754479776362992,9.754479776362992,9.754479776362992,9.754479776362992
2787,9.754479776362992,9.754479776362992,9.754479776362992,9.754479776362992,9.754479776362992,9.754479776362992,9.754479776362992
2788,9.754479776362992,9.754479776362992,9.754479776362992,9.754479776362992,9.754479776362992,9.754479776362992,9.754479776362992
2789,9.754479776362992,9.754479776362992,9.754479776362992,9.754479776362992,9.754479776362992,9.754479776362992,9.754479776362992
2790,9.754479776362992,9.754479776362992,9.754479776362992,9.754479776362992,9.754479776362992,9.754479776362992,9.754479776362992
2791,9.754479776362992,9.754479776362992,9.754479776362992,9.754479776362992,9.754479776362992,9.754479776362992,9.754479776362992
2792,9.754479776362992,9.754479776362992,9.754479776362992,9.754479776362992,9.754479776362992,9.754479776362992,9.754479776362992
2793,9.754479776362992,9.754479776362992,9.754479776362992,9.754479776362992,9.754479776362992,9.754479776362992,9.754479776362992
2794,9.754479776362992,9.754479776362992,9.754479776362992,9.754479776362992,9.754479776362992,9.754479776362992,9.754479776362992
2795,9.754479776362992,9.754479776362992,9.754479776362992,9.754479776362992,9.754479776362992,9.754479776362992,9.754479776362992
2796,9.754479776362992,9.754479776362992,9.754479776362992,9.754479776362992,9.754479776362992,9.754479776362992,9.754479776362992
2797,9.754479776362992,9.754479776362992,9.754479776362992,9.754479776362992,9.754479776362992,9.754479776362992,9.754479776362992
2798,9.754479776362992,9.754479776362992,9.754479776362992,9.754479776362992,9.754479776362992,9.754479776362992,9.754479776362992
2799,32.514932587876636,32.514932587876636,32.514932587876636,32.514932587876636,32.514932587876636,32.514932587876636,32.514932587876636
2800,32.514932587876636,32.514932587876636,32.514932587876636,32.514932587876636,32.514932587876636,32.514932587876636,32.514932587876636
2801,32.514932587876636,32.514932587876636,32.514932587876636,32.514932587876636,32.514932587876636,32.514932587876636,32.514932587876636
2802,32.514932587876636,32.514932587876636,32.514932587876636,32.514932587876636,32.514932587876636,32.514932587876636,32.514932587876636
2803,32.514932587876636,32.514932587876636,32.514932587876636,32.514932587876636,32.514932587876636,32.514932587876636,32.514932587876636
2804,32.514932587876636,32.514932587876636,32.514932587876636,32.514932587876636,32.514932587876636,32.514932587876636,32.514932587876636
2805,32.514932587876636,32.514932587876636,32.514932587876636,32.514932587876636,32.514932587876636,32.514932587876636,32.514932587876636
2806,32.514932587876636,32.514932587876636,32.514932587876636,32.514932587876636,32.514932587876636,32.514932587876636,32.514932587876636
2807,32.514932587876636,32.514932587876636,32.514932587876636,32.514932587876636,32.514932587876636,32.514932587876636,32.514932587876636
2808,32.514932587876636,32.514932587876636,32.514932587876636,32.514932587876636,32.514932587876636,32.514932587876636,32.514932587876636
2809,32.514932587876636,32.514932587876636,32.514932587876636,32.514932587876636,32.514932587876636,32.514932587876636,32.514932587876636
2810,32.514932587876636,32.514932587876636,32.514932587876636,32.514932587876636,32.514932587876636,32.514932587876636,32.514932587876636
2811,32.514932587876636,32.514932587876636,32.514932587876636,32.514932587876636,32.514932587876636,32.514932587876636,32.514932587876636
2812,32.514932587876636,32.514932587876636,32.514932587876636,32.514932587876636,32.514932587876636,32.514932587876636,32.514932587876636
2813,32.514932587876636,32.514932587876636,32.514932587876636,32.514932587876636,32.514932587876636,32.514932587876636,32.514932587876636
2814,32.514932587876636,32.514932587876636,32.514932587876636,32.514932587876636,32.514932587876636,32.514932587876636,32.514932587876636
2815,32.514932587876636,32.514932587876636,32.514932587876636,32.514932587876636,32.514932587876636,32.514932587876636,32.514932587876636
2816,32.514932587876636,32.514932587876636,32.514932587876636,32.514932587876636,32.514932587876636,32.514932587876636,32.514932587876636
2817,32.514932587876636,32.514932587876636,32.514932587876636,32.514932587876636,32.514932587876636,32.514932587876636,32.514932587876636
2818,32.514932587876636,32.514932587876636,32.514932587876636,32.514932587876636,32.514932587876636,32.514932587876636,32.514932587876636
2819,32.514932587876636,32.514932587876636,32.514932587876636,32.514932587876636,32.514932587876636,32.514932587876636,32.514932587876636
2820,32.514932587876636,32.514932587876636,32.514932587876636,32.514932587876636,32.514932587876636,32.514932587876636,32.514932587876636
2821,32.514932587876636,32.514932587876636,32.514932587876636,32.514932587876636,32.514932587876636,32.514932587876636,32.514932587876636
2822,32.514932587876636,32.514932587876636,32.514932587876636,32.514932587876636,32.514932587876636,32.514932587876636,32.514932587876636
2823,32.514932587876636,32.514932587876636,32.514932587876636,32.514932587876636,32.514932587876636,32.514932587876636,32.514932587876636
2824,32.514932587876636,32.514932587876636,32.514932587876636,32.514932587876636,32.514932587876636,32.514932587876636,32.514932587876636
2825,32.514932587876636,32.514932587876636,32.514932587876636,32.514932587876636,32.514932587876636,32.514932587876636,32.514932587876636
2826,32.514932587876636,32.514932587876636,32.514932587876636,32.514932587876636,32.514932587876636,32.514932587876636,32.514932587876636
2827,32.514932587876636,32.514932587876636,32.514932587876636,32.514932587876636,32.514932587876636,32.514932587876636,32.514932587876636
2828,32.514932587876636,32.514932587876636,32.514932587876636,32.514932587876636,32.514932587876636,32.514932587876636,32.514932587876636
2829,32.514932587876636,32.514932587876636,32.514932587876636,32.514932587876636,32.514932587876636,32.514932587876636,32.514932587876636
2830,32.514932587876636,32.514932587876636,32.514932587876636,32.514932587876636,32.514932587876636,32.514932587876636,32.514932587876636
2831,32.514932587876636,32.514932587876636,32.514932587876636,32.514932587876636,32.514932587876636,32.514932587876636,32.514932587876636
2832,32.514932587876636,32.514932587876636,32.514932587876636,32.514932587876636,32.514932587876636,32.514932587876636,32.514932587876636
2833,32.514932587876636,32.514932587876636,32.514932587876636,32.514932587876636,32.514932587876636,32.514932587876636,32.514932587876636
2834,32.514932587876636,32.514932587876636,32.514932587876636,32.514932587876636,32.514932587876636,32.514932587876636,32.514932587876636
2835,32.514932587876636,32.514932587876636,32.514932587876636,32.514932587876636,32.514932587876636,32.514932587876636,32.514932587876636
2836,32.514932587876636,32.514932587876636,32.514932587876636,32.514932587876636,32.514932587876636,32.514932587876636,32.514932587876636
2837,32.514932587876636,32.514932587876636,32.514932587876636,32.514932587876636,32.514932587876636,32.514932587876636,32.514932587876636
2838,32.514932587876636,32.514932587876636,32.514932587876636,32.514932587876636,32.514932587876636,32.514932587876636,32.514932587876636
2839,32.514932587876636,32.514932587876636,32.514932587876636,32.514932587876636,32.514932587876636,32.514932587876636,32.514932587876636
2840,32.514932587876636,32.514932587876636,32.514932587876636,32.514932587876636,32.514932587876636,32.514932587876636,32.514932587876636
2841,32.514932587876636,32.514932587876636,32.514932587876636,32.514932587876636,32.514932587876636,32.514932587876636,32.514932587876636
2842,32.514932587876636,32.514932587876636,32.514932587876636,32.514932587876636,32.514932587876636,32.514932587876636,32.514932587876636
2843,32.514932587876636,32.514932587876636,32.514932587876636,32.514932587876636,32.514932587876636,32.514932587876636,32.514932587876636
2844,32.514932587876636,32.514932587876636,32.514932587876636,32.514932587876636,32.514932587876636,32.514932587876636,32.514932587876636
2845,32.514932587876636,32.514932587876636,32.514932587876636,32.514932587876636,32.514932587876636,32.514932587876636,32.514932587876636
2846,32.514932587876636,32.514932587876636,32.514932587876636,32.514932587876636,32.514932587876636,32.514932587876636,32.514932587876636
2847,32.514932587876636,32.514932587876636,32.514932587876636,32.514932587876636,32.514932587876636,32.514932587876636,32.514932587876636
2848,32.514932587876636,32.514932587876636,32.514932587876636,32.514932587876636,32.514932587876636,32.514932587876636,32.514932587876636
2849,32.514932587876636,32.514932587876636,32.514932587876636,32.514932587876636,32.514932587876636,32.514932587876636,32.514932587876636
2850,32.514932587876636,32.514932587876636,32.514932587876636,32.514932587876636,32.514932587876636,32.514932587876636,32.514932587876636
2851,32.514932587876636,32.514932587876636,32.514932587876636,32.514932587876636,32.514932587876636,32.514932587876636,32.514932587876636
2852,32.514932587876636,32.514932587876636,32.514932587876636,32.514932587876636,32.514932587876636,32.514932587876636,32.514932587876636
2853,32.514932587876636,32.514932587876636,32.514932587876636,32.514932587876636,32.514932587876636,32.514932587876636,32.514932587876636
2854,32.514932587876636,32.514932587876636,32.514932587876636,32.514932587876636,32.514932587876636,32.514932587876636,32.514932587876636
2855,32.514932587876636,32.514932587876636,32.514932587876636,32.514932587876636,32.514932587876636,32.514932587876636,32.514932587876636
2856,32.514932587876636,32.514932587876636,32.514932587876636,32.514932587876636,32.514932587876636,32.514932587876636,32.514932587876636
2857,32.514932587876636,32.514932587876636,32.514932587876636,32.514932587876636,32.514932587876636,32.514932587876636,32.514932587876636
2858,32.514932587876636,32.514932587876636,32.514932587876636,32.514932587876636,32.514932587876636,32.514932587876636,32.514932587876636
2859,32.514932587876636,32.514932587876636,32.514932587876636,32.514932587876636,32.514932587876636,32.514932587876636,32.514932587876636
2860,32.514932587876636,32.514932587876636,32.514932587876636,32.514932587876636,32.514932587876636,32.514932587876636,32.514932587876636
2861,32.514932587876636,32.514932587876636,32.514932587876636,32.514932587876636,32.514932587876636,32.514932587876636,32.514932587876636
2862,32.514932587876636,32.514932587876636,32.514932587876636,32.514932587876636,32.514932587876636,32.514932587876636,32.514932587876636
2863,32.514932587876636,32.514932587876636,32.514932587876636,32.514932587876636,32.514932587876636,32.514932587876636,32.514932587876636
2864,32.514932587876636,32.514932587876636,32.514932587876636,32.514932587876636,32.514932587876636,32.514932587876636,32.514932587876636
2865,32.514932587876636,32.514932587876636,32.514932587876636,32.514932587876636,32.514932587876636,32.514932587876636,32.514932587876636
2866,32.514932587876636,32.514932587876636,32.514932587876636,32.514932587876636,32.514932587876636,32.514932587876636,32.514932587876636
2867,32.514932587876636,32.514932587876636,32.514932587876636,32.514932587876636,32.514932587876636,32.514932587876636,32.514932587876636
2868,32.514932587876636,32.514932587876636,32.514932587876636,32.514932587876636,32.514932587876636,32.514932587876636,32.514932587876636
2869,32.514932587876636,32.514932587876636,32.514932587876636,32.514932587876636,32.514932587876636,32.514932587876636,32.514932587876636
2870,32.514932587876636,32.514932587876636,32.514932587876636,32.514932587876636,32.514932587876636,32.514932587876636,32.514932587876636
2871,32.514932587876636,32.514932587876636,32.514932587876636,32.514932587876636,32.514932587876636,32.514932587876636,32.514932587876636
2872,32.514932587876636,32.514932587876636,32.514932587876636,32.514932587876636,32.514932587876636,32.514932587876636,32.514932587876636
2873,32.514932587876636,32.514932587876636,32.514932587876636,32.514932587876636,32.514932587876636,32.514932587876636,32.514932587876636
2874,32.514932587876636,32.514932587876636,32.514932587876636,32.514932587876636,32.514932587876636,32.514932587876636,32.514932587876636
2875,32.514932587876636,32.514932587876636,32.514932587876636,32.514932587876636,32.514932587876636,32.514932587876636,32.514932587876636
2876,32.514932587876636,32.514932587876636,32.514932587876636,32.514932587876636,32.514932587876636,32.514932587876636,32.514932587876636
2877,32.514932587876636,32.514932587876636,32.514932587876636,32.514932587876636,32.514932587876636,32.514932587876636,32.514932587876636
2878,32.514932587876636,32.514932587876636,32.514932587876636,32.514932587876636,32.514932587876636,32.514932587876636,32.514932587876636
2879,32.514932587876636,32.514932587876636,32.514932587876636,32.514932587876636,32.514932587876636,32.514932587876636,32.514932587876636
2880,32.514932587876636,32.514932587876636,32.514932587876636,32.514932587876636,32.514932587876636,32.514932587876636,32.514932587876636
2881,32.514932587876636,32.514932587876636,32.514932587876636,32.514932587876636,32.514932587876636,32.514932587876636,32.514932587876636
2882,32.514932587876636,32.514932587876636,32.514932587876636,32.514932587876636,32.514932587876636,32.514932587876636,32.514932587876636
2883,32.514932587876636,32.514932587876636,32.514932587876636,32.514932587876636,32.514932587876636,32.514932587876636,32.514932587876636
2884,32.514932587876636,32.514932587876636,32.514932587876636,32.514932587876636,32.514932587876636,32.514932587876636,32.514932587876636
2885,32.514932587876636,32.514932587876636,32.514932587876636,32.514932587876636,32.514932587876636,32.514932587876636,32.514932587876636
2886,32.514932587876636,32.514932587876636,32.514932587876636,32.514932587876636,32.514932587876636,32.514932587876636,32.514932587876636
2887,32.514932587876636,32.514932587876636,32.514932587876636,32.514932587876636,32.514932587876636,32.514932587876636,32.514932587876636
2888,32.514932587876636,32.514932587876636,32.514932587876636,32.514932587876636,32.514932587876636,32.514932587876636,32.514932587876636
2889,32.514932587876636,32.514932587876636,32.514932587876636,32.514932587876636,32.514932587876636,32.514932587876636,32.514932587876636
2890,32.514932587876636,32.514932587876636,32.514932587876636,32.514932587876636,32.514932587876636,32.514932587876636,32.514932587876636
2891,32.514932587876636,32.514932587876636,32.514932587876636,32.514932587876636,32.514932587876636,32.514932587876636,32.514932587876636
2892,32.514932587876636,32.514932587876636,32.514932587876636,32.514932587876636,32.514932587876636,32.514932587876636,32.514932587876636
2893,32.514932587876636,32.514932587876636,32.514932587876636,32.514932587876636,32.514932587876636,32.514932587876636,32.514932587876636
2894,32.514932587876636,32.514932587876636,32.514932587876636,32.514932587876636,32.514932587876636,32.514932587876636,32.514932587876636
2895,32.514932587876636,32.514932587876636,32.514932587876636,32.514932587876636,32.514932587876636,32.514932587876636,32.514932587876636
2896,32.514932587876636,32.514932587876636,32.514932587876636,32.514932587876636,32.514932587876636,32.514932587876636,32.514932587876636
2897,32.514932587876636,32.514932587876636,32.514932587876636,32.514932587876636,32.514932587876636,32.514932587876636,32.514932587876636
2898,32.514932587876636,32.514932587876636,32.514932587876636,32.514932587876636,32.514932587876636,32.514932587876636,32.514932587876636
2899,32.514932587876636,32.514932587876636,32.514932587876636,32.514932587876636,32.514932587876636,32.514932587876636,32.514932587876636
2900,32.514932587876636,32.514932587876636,32.514932587876636,32.514932587876636,32.514932587876636,32.514932587876636,32.514932587876636
2901,32.514932587876636,32.514932587876636,32.514932587876636,32.514932587876636,32.514932587876636,32.514932587876636,32.514932587876636
2902,32.514932587876636,32.514932587876636,32.514932587876636,32.514932587876636,32.514932587876636,32.514932587876636,32.514932587876636
2903,32.514932587876636,32.514932587876636,32.514932587876636,32.514932587876636,32.514932587876636,32.514932587876636,32.514932587876636
2904,32.514932587876636,32.514932587876636,32.514932587876636,32.514932587876636,32.514932587876636,32.514932587876636,32.514932587876636
2905,32.514932587876636,32.514932587876636,32.514932587876636,32.514932587876636,32.514932587876636,32.514932587876636,32.514932587876636
2906,32.514932587876636,32.514932587876636,32.514932587876636,32.514932587876636,32.514932587876636,32.514932587876636,32.514932587876636
2907,32.514932587876636,32.514932587876636,32.514932587876636,32.514932587876636,32.514932587876636,32.514932587876636,32.514932587876636
2908,32.514932587876636,32.514932587876636,32.514932587876636,32.514932587876636,32.514932587876636,32.514932587876636,32.514932587876636
2909,32.514932587876636,32.514932587876636,32.514932587876636,32.514932587876636,32.514932587876636,32.514932587876636,32.514932587876636
2910,32.514932587876636,32.514932587876636,32.514932587876636,32.514932587876636,32.514932587876636,32.514932587876636,32.514932587876636
2911,32.514932587876636,32.514932587876636,32.514932587876636,32.514932587876636,32.514932587876636,32.514932587876636,32.514932587876636
2912,32.514932587876636,32.514932587876636,32.514932587876636,32.514932587876636,32.514932587876636,32.514932587876636,32.514932587876636
2913,32.514932587876636,32.514932587876636,32.514932587876636,32.514932587876636,32.514932587876636,32.514932587876636,32.514932587876636
2914,32.514932587876636,32.514932587876636,32.514932587876636,32.514932587876636,32.514932587876636,32.514932587876636,32.514932587876636
2915,32.514932587876636,32.514932587876636,32.514932587876636,32.514932587876636,32.514932587876636,32.514932587876636,32.514932587876636
2916,32.514932587876636,32.514932587876636,32.514932587876636,32.514932587876636,32.514932587876636,32.514932587876636,32.514932587876636
2917,32.514932587876636,32.514932587876636,32.514932587876636,32.514932587876636,32.514932587876636,32.514932587876636,32.514932587876636
2918,32.514932587876636,32.514932587876636,32.514932587876636,32.514932587876636,32.514932587876636,32.514932587876636,32.514932587876636
2919,32.514932587876636,32.514932587876636,32.514932587876636,32.514932587876636,32.514932587876636,32.514932587876636,32.514932587876636
2920,4.146343934682342,4.146343934682342,4.146343934682342,4.146343934682342,4.146343934682342,4.146343934682342,4.146343934682342
2921,1.2439031804047025,1.2439031804047025,1.2439031804047025,1.2439031804047025,1.2439031804047025,1.2439031804047025,1.2439031804047025
2922,1.2439031804047025,1.2439031804047025,1.2439031804047025,1.2439031804047025,1.2439031804047025,1.2439031804047025,1.2439031804047025
2923,1.2439031804047025,1.2439031804047025,1.2439031804047025,1.2439031804047025,1.2439031804047025,1.2439031804047025,1.2439031804047025
2924,1.2439031804047025,1.2439031804047025,1.2439031804047025,1.2439031804047025,1.2439031804047025,1.2439031804047025,1.2439031804047025
2925,1.2439031804047025,1.2439031804047025,1.2439031804047025,1.2439031804047025,1.2439031804047025,1.2439031804047025,1.2439031804047025
2926,1.2439031804047025,1.2439031804047025,1.2439031804047025,1.2439031804047025,1.2439031804047025,1.2439031804047025,1.2439031804047025
2927,1.2439031804047025,1.2439031804047025,1.2439031804047025,1.2439031804047025,1.2439031804047025,1.2439031804047025,1.2439031804047025
2928,1.2439031804047025,1.2439031804047025,1.2439031804047025,1.2439031804047025,1.2439031804047025,1.2439031804047025,1.2439031804047025
2929,1.2439031804047025,1.2439031804047025,1.2439031804047025,1.2439031804047025,1.2439031804047025,1.2439031804047025,1.2439031804047025
2930,1.2439031804047025,1.2439031804047025,1.2439031804047025,1.2439031804047025,1.2439031804047025,1.2439031804047025,1.2439031804047025
2931,1.2439031804047025,1.2439031804047025,1.2439031804047025,1.2439031804047025,1.2439031804047025,1.2439031804047025,1.2439031804047025
2932,1.2439031804047025,1.2439031804047025,1.2439031804047025,1.2439031804047025,1.2439031804047025,1.2439031804047025,1.2439031804047025
2933,1.2439031804047025,1.2439031804047025,1.2439031804047025,1.2439031804047025,1.2439031804047025,1.2439031804047025,1.2439031804047025
2934,1.2439031804047025,1.2439031804047025,1.2439031804047025,1.2439031804047025,1.2439031804047025,1.2439031804047025,1.2439031804047025
2935,1.2439031804047025,1.2439031804047025,1.2439031804047025,1.2439031804047025,1.2439031804047025,1.2439031804047025,1.2439031804047025
2936,1.2439031804047025,1.2439031804047025,1.2439031804047025,1.2439031804047025,1.2439031804047025,1.2439031804047025,1.2439031804047025
2937,1.2439031804047025,1.2439031804047025,1.2439031804047025,1.2439031804047025,1.2439031804047025,1.2439031804047025,1.2439031804047025
2938,1.2439031804047025,1.2439031804047025,1.2439031804047025,1.2439031804047025,1.2439031804047025,1.2439031804047025,1.2439031804047025
2939,1.2439031804047025,1.2439031804047025,1.2439031804047025,1.2439031804047025,1.2439031804047025,1.2439031804047025,1.2439031804047025
2940,1.2439031804047025,1.2439031804047025,1.2439031804047025,1.2439031804047025,1.2439031804047025,1.2439031804047025,1.2439031804047025
2941,1.2439031804047025,1.2439031804047025,1.2439031804047025,1.2439031804047025,1.2439031804047025,1.2439031804047025,1.2439031804047025
2942,1.2439031804047025,1.2439031804047025,1.2439031804047025,1.2439031804047025,1.2439031804047025,1.2439031804047025,1.2439031804047025
2943,18.950677953687713,18.950677953687713,18.950677953687713,18.950677953687713,18.950677953687713,18.950677953687713,18.950677953687713
2944,56.069792546732366,56.069792546732366,56.069792546732366,56.069792546732366,56.069792546732366,56.069792546732366,56.069792546732366
2945,110.18309203164316,110.18309203164316,110.18309203164316,110.18309203164316,110.18309203164316,110.18309203164316,110.18309203164316
2946,174.65370236829042,174.65370236829042,174.65370236829042,174.65370236829042,174.65370236829042,174.65370236829042,174.65370236829042
2947,202.30518565006196,202.30518565006196,202.30518565006196,202.30518565006196,202.30518565006196,202.30518565006196,202.30518565006196
2948,212.1932775085282,212.1932775085282,212.1932775085282,212.1932775085282,212.1932775085282,212.1932775085282,212.1932775085282
2949,212.09678117924128,212.09678117924128,212.09678117924128,212.09678117924128,212.09678117924128,212.09678117924128,212.09678117924128
2950,210.16164723626133,210.16164723626133,210.16164723626133,210.16164723626133,210.16164723626133,210.16164723626133,210.16164723626133
2951,206.425047576952,206.425047576952,206.425047576952,206.425047576952,206.425047576952,206.425047576952,206.425047576952
2952,1.2439031804047025,1.2439031804047025,1.2439031804047025,1.2439031804047025,1.2439031804047025,1.2439031804047025,1.2439031804047025
2953,1.2439031804047025,1.2439031804047025,1.2439031804047025,1.2439031804047025,1.2439031804047025,1.2439031804047025,1.2439031804047025
2954,1.2439031804047025,1.2439031804047025,1.2439031804047025,1.2439031804047025,1.2439031804047025,1.2439031804047025,1.2439031804047025
2955,1.2439031804047025,1.2439031804047025,1.2439031804047025,1.2439031804047025,1.2439031804047025,1.2439031804047025,1.2439031804047025
2956,1.2439031804047025,1.2439031804047025,1.2439031804047025,1.2439031804047025,1.2439031804047025,1.2439031804047025,1.2439031804047025
2957,1.2439031804047025,1.2439031804047025,1.2439031804047025,1.2439031804047025,1.2439031804047025,1.2439031804047025,1.2439031804047025
2958,1.2439031804047025,1.2439031804047025,1.2439031804047025,1.2439031804047025,1.2439031804047025,1.2439031804047025,1.2439031804047025
2959,1.2439031804047025,1.2439031804047025,1.2439031804047025,1.2439031804047025,1.2439031804047025,1.2439031804047025,1.2439031804047025
2960,1.2439031804047025,1.2439031804047025,1.2439031804047025,1.2439031804047025,1.2439031804047025,1.2439031804047025,1.2439031804047025
2961,1.2439031804047025,1.2439031804047025,1.2439031804047025,1.2439031804047025,1.2439031804047025,1.2439031804047025,1.2439031804047025
2962,1.2439031804047025,1.2439031804047025,1.2439031804047025,1.2439031804047025,1.2439031804047025,1.2439031804047025,1.2439031804047025
2963,1.2439031804047025,1.2439031804047025,1.2439031804047025,1.2439031804047025,1.2439031804047025,1.2439031804047025,1.2439031804047025
2964,1.2439031804047025,1.2439031804047025,1.2439031804047025,1.2439031804047025,1.2439031804047025,1.2439031804047025,1.2439031804047025
2965,1.2439031804047025,1.2439031804047025,1.2439031804047025,1.2439031804047025,1.2439031804047025,1.2439031804047025,1.2439031804047025
2966,1.2439031804047025,1.2439031804047025,1.2439031804047025,1.2439031804047025,1.2439031804047025,1.2439031804047025,1.2439031804047025
2967,1.2439031804047025,1.2439031804047025,1.2439031804047025,1.2439031804047025,1.2439031804047025,1.2439031804047025,1.2439031804047025
2968,1.2439031804047025,1.2439031804047025,1.2439031804047025,1.2439031804047025,1.2439031804047025,1.2439031804047025,1.2439031804047025
2969,9.707001677231487,9.707001677231487,9.707001677231487,9.707001677231487,9.707001677231487,9.707001677231487,9.707001677231487
2970,34.134049913524926,34.134049913524926,34.134049913524926,34.134049913524926,34.134049913524926,34.134049913524926,34.134049913524926
2971,54.39788875407705,54.39788875407705,54.39788875407705,54.39788875407705,54.39788875407705,54.39788875407705,54.39788875407705
2972,73.1034152350925,73.1034152350925,73.1034152350925,73.1034152350925,73.1034152350925,73.1034152350925,73.1034152350925
2973,131.1584997133215,131.1584997133215,131.1584997133215,131.1584997133215,131.1584997133215,131.1584997133215,131.1584997133215
2974,213.53658158117503,213.53658158117503,213.53658158117503,213.53658158117503,213.53658158117503,213.53658158117503,213.53658158117503
2975,246.34806881573783,246.34806881573783,246.34806881573783,246.34806881573783,246.34806881573783,246.34806881573783,246.34806881573783
2976,244.955821773098,244.955821773098,244.955821773098,244.955821773098,244.955821773098,244.955821773098,244.955821773098
2977,234.97596318068693,234.97596318068693,234.97596318068693,234.97596318068693,234.97596318068693,234.97596318068693,234.97596318068693
2978,223.82550948380512,223.82550948380512,223.82550948380512,223.82550948380512,223.82550948380512,223.82550948380512,223.82550948380512
2979,210.35475562124853,210.35475562124853,210.35475562124853,210.35475562124853,210.35475562124853,210.35475562124853,210.35475562124853
2980,177.5905306402137,177.5905306402137,177.5905306402137,177.5905306402137,177.5905306402137,177.5905306402137,177.5905306402137
2981,151.11990871829212,151.11990871829212,151.11990871829212,151.11990871829212,151.11990871829212,151.11990871829212,151.11990871829212
2982,128.70720964247724,128.70720964247724,128.70720964247724,128.70720964247724,128.70720964247724,128.70720964247724,128.70720964247724
2983,112.00386063041336,112.00386063041336,112.00386063041336,112.00386063041336,112.00386063041336,112.00386063041336,112.00386063041336
2984,98.61257490462367,98.61257490462367,98.61257490462367,98.61257490462367,98.61257490462367,98.61257490462367,98.61257490462367
2985,86.22451002577607,86.22451002577607,86.22451002577607,86.22451002577607,86.22451002577607,86.22451002577607,86.22451002577607
2986,76.0002602983089,76.0002602983089,76.0002602983089,76.0002602983089,76.0002602983089,76.0002602983089,76.0002602983089
2987,65.3995692690402,65.3995692690402,65.3995692690402,65.3995692690402,65.3995692690402,65.3995692690402,65.3995692690402
2988,57.2963170964608,57.2963170964608,57.2963170964608,57.2963170964608,57.2963170964608,57.2963170964608,57.2963170964608
2989,51.014972626348275,51.014972626348275,51.014972626348275,51.014972626348275,51.014972626348275,51.014972626348275,51.014972626348275
2990,47.560730076441835,47.560730076441835,47.560730076441835,47.560730076441835,47.560730076441835,47.560730076441835,47.560730076441835
2991,46.78003805546278,46.78003805546278,46.78003805546278,46.78003805546278,46.78003805546278,46.78003805546278,46.78003805546278
2992,48.231450814295485,48.231450814295485,48.231450814295485,48.231450814295485,48.231450814295485,48.231450814295485,48.231450814295485
2993,47.29374486983979,47.29374486983979,47.29374486983979,47.29374486983979,47.29374486983979,47.29374486983979,47.29374486983979
2994,45.30728682288346,45.30728682288346,45.30728682288346,45.30728682288346,45.30728682288346,45.30728682288346,45.30728682288346
2995,52.276072211415816,52.276072211415816,52.276072211415816,52.276072211415816,52.276072211415816,52.276072211415816,52.276072211415816
2996,57.690029548780544,57.690029548780544,57.690029548780544,57.690029548780544,57.690029548780544,57.690029548780544,57.690029548780544
2997,66.16446257528273,66.16446257528273,66.16446257528273,66.16446257528273,66.16446257528273,66.16446257528273,66.16446257528273
2998,73.82372744486165,73.82372744486165,73.82372744486165,73.82372744486165,73.82372744486165,73.82372744486165,73.82372744486165
2999,80.69214219844584,80.69214219844584,80.69214219844584,80.69214219844584,80.69214219844584,80.69214219844584,80.69214219844584
3000,87.42446887892578,87.42446887892578,87.42446887892578,87.42446887892578,87.42446887892578,87.42446887892578,87.42446887892578
3001,94.24228757974606,94.24228757974606,94.24228757974606,94.24228757974606,94.24228757974606,94.24228757974606,94.24228757974606
3002,106.47208486972337,106.47208486972337,106.47208486972337,106.47208486972337,106.47208486972337,106.47208486972337,106.47208486972337
3003,123.90669259367036,123.90669259367036,123.90669259367036,123.90669259367036,123.90669259367036,123.90669259367036,123.90669259367036
3004,144.8155643853877,144.8155643853877,144.8155643853877,144.8155643853877,144.8155643853877,144.8155643853877,144.8155643853877
3005,150.76650113686068,150.76650113686068,150.76650113686068,150.76650113686068,150.76650113686068,150.76650113686068,150.76650113686068
3006,153.19074261846345,153.19074261846345,153.19074261846345,153.19074261846345,153.19074261846345,153.19074261846345,153.19074261846345
3007,157.06414643449452,157.06414643449452,157.06414643449452,157.06414643449452,157.06414643449452,157.06414643449452,157.06414643449452
3008,150.03787820760024,150.03787820760024,150.03787820760024,150.03787820760024,150.03787820760024,150.03787820760024,150.03787820760024
3009,140.79852467248324,140.79852467248324,140.79852467248324,140.79852467248324,140.79852467248324,140.79852467248324,140.79852467248324
3010,135.8148891608467,135.8148891608467,135.8148891608467,135.8148891608467,135.8148891608467,135.8148891608467,135.8148891608467
3011,114.21269216447422,114.21269216447422,114.21269216447422,114.21269216447422,114.21269216447422,114.21269216447422,114.21269216447422
3012,98.29644031822174,98.29644031822174,98.29644031822174,98.29644031822174,98.29644031822174,98.29644031822174,98.29644031822174
3013,84.57056150768138,84.57056150768138,84.57056150768138,84.57056150768138,84.57056150768138,84.57056150768138,84.57056150768138
3014,76.9256668565656,76.9256668565656,76.9256668565656,76.9256668565656,76.9256668565656,76.9256668565656,76.9256668565656
3015,68.73340540695648,68.73340540695648,68.73340540695648,68.73340540695648,68.73340540695648,68.73340540695648,68.73340540695648
3016,62.10664266068508,62.10664266068508,62.10664266068508,62.10664266068508,62.10664266068508,62.10664266068508,62.10664266068508
3017,59.490776628601644,59.490776628601644,59.490776628601644,59.490776628601644,59.490776628601644,59.490776628601644,59.490776628601644
3018,58.67922756271912,58.67922756271912,58.67922756271912,58.67922756271912,58.67922756271912,58.67922756271912,58.67922756271912
3019,58.467615462146775,58.467615462146775,58.467615462146775,58.467615462146775,58.467615462146775,58.467615462146775,58.467615462146775
3020,56.202875186774655,56.202875186774655,56.202875186774655,56.202875186774655,56.202875186774655,56.202875186774655,56.202875186774655
3021,53.548972653663476,53.548972653663476,53.548972653663476,53.548972653663476,53.548972653663476,53.548972653663476,53.548972653663476
3022,51.696279410916404,51.696279410916404,51.696279410916404,51.696279410916404,51.696279410916404,51.696279410916404,51.696279410916404
3023,52.81862251998838,52.81862251998838,52.81862251998838,52.81862251998838,52.81862251998838,52.81862251998838,52.81862251998838
3024,54.2856440272044,54.2856440272044,54.2856440272044,54.2856440272044,54.2856440272044,54.2856440272044,54.2856440272044
3025,56.46792792706795,56.46792792706795,56.46792792706795,56.46792792706795,56.46792792706795,56.46792792706795,56.46792792706795
3026,60.03538941660253,60.03538941660253,60.03538941660253,60.03538941660253,60.03538941660253,60.03538941660253,60.03538941660253
3027,66.41238571100216,66.41238571100216,66.41238571100216,66.41238571100216,66.41238571100216,66.41238571100216,66.41238571100216
3028,75.08681051970429,75.08681051970429,75.08681051970429,75.08681051970429,75.08681051970429,75.08681051970429,75.08681051970429
3029,82.64181387745481,82.64181387745481,82.64181387745481,82.64181387745481,82.64181387745481,82.64181387745481,82.64181387745481
3030,86.79192744439904,86.79192744439904,86.79192744439904,86.79192744439904,86.79192744439904,86.79192744439904,86.79192744439904
3031,87.77009459076066,87.77009459076066,87.77009459076066,87.77009459076066,87.77009459076066,87.77009459076066,87.77009459076066
3032,88.00306633312651,88.00306633312651,88.00306633312651,88.00306633312651,88.00306633312651,88.00306633312651,88.00306633312651
3033,86.85882847683222,86.85882847683222,86.85882847683222,86.85882847683222,86.85882847683222,86.85882847683222,86.85882847683222
3034,85.1354205754653,85.1354205754653,85.1354205754653,85.1354205754653,85.1354205754653,85.1354205754653,85.1354205754653
3035,83.38931315192625,83.38931315192625,83.38931315192625,83.38931315192625,83.38931315192625,83.38931315192625,83.38931315192625
3036,82.90550813462161,82.90550813462161,82.90550813462161,82.90550813462161,82.90550813462161,82.90550813462161,82.90550813462161
3037,114.57817183719305,114.57817183719305,114.57817183719305,114.57817183719305,114.57817183719305,114.57817183719305,114.57817183719305
3038,188.4505926113029,188.4505926113029,188.4505926113029,188.4505926113029,188.4505926113029,188.4505926113029,188.4505926113029
3039,182.98533022569356,182.98533022569356,182.98533022569356,182.98533022569356,182.98533022569356,182.98533022569356,182.98533022569356
3040,180.41908862357107,180.41908862357107,180.41908862357107,180.41908862357107,180.41908862357107,180.41908862357107,180.41908862357107
3041,153.35231515533386,153.35231515533386,153.35231515533386,153.35231515533386,153.35231515533386,153.35231515533386,153.35231515533386
3042,113.38164904214156,113.38164904214156,113.38164904214156,113.38164904214156,113.38164904214156,113.38164904214156,113.38164904214156
3043,167.985957676595,167.985957676595,167.985957676595,167.985957676595,167.985957676595,167.985957676595,167.985957676595
3044,184.59291528162797,184.59291528162797,184.59291528162797,184.59291528162797,184.59291528162797,184.59291528162797,184.59291528162797
3045,189.67913530976233,189.67913530976233,189.67913530976233,189.67913530976233,189.67913530976233,189.67913530976233,189.67913530976233
3046,215.76048316730714,215.76048316730714,215.76048316730714,215.76048316730714,215.76048316730714,215.76048316730714,215.76048316730714
3047,213.1033907613054,213.1033907613054,213.1033907613054,213.1033907613054,213.1033907613054,213.1033907613054,213.1033907613054
3048,207.63175443364943,207.63175443364943,207.63175443364943,207.63175443364943,207.63175443364943,207.63175443364943,207.63175443364943
3049,211.46721128680855,211.46721128680855,211.46721128680855,211.46721128680855,211.46721128680855,211.46721128680855,211.46721128680855
3050,210.16935320684013,210.16935320684013,210.16935320684013,210.16935320684013,210.16935320684013,210.16935320684013,210.16935320684013
3051,206.8858540296292,206.8858540296292,206.8858540296292,206.8858540296292,206.8858540296292,206.8858540296292,206.8858540296292
3052,196.95113644384637,196.95113644384637,196.95113644384637,196.95113644384637,196.95113644384637,196.95113644384637,196.95113644384637
3053,170.20509853750445,170.20509853750445,170.20509853750445,170.20509853750445,170.20509853750445,170.20509853750445,170.20509853750445
3054,135.78122591145785,135.78122591145785,135.78122591145785,135.78122591145785,135.78122591145785,135.78122591145785,135.78122591145785
3055,104.82031207499682,104.82031207499682,104.82031207499682,104.82031207499682,104.82031207499682,104.82031207499682,104.82031207499682
3056,79.9022406089575,79.9022406089575,79.9022406089575,79.9022406089575,79.9022406089575,79.9022406089575,79.9022406089575
3057,65.04812177612564,65.04812177612564,65.04812177612564,65.04812177612564,65.04812177612564,65.04812177612564,65.04812177612564
3058,33.23711981551581,33.23711981551581,33.23711981551581,33.23711981551581,33.23711981551581,33.23711981551581,33.23711981551581
3059,109.46380769052715,109.46380769052715,109.46380769052715,109.46380769052715,109.46380769052715,109.46380769052715,109.46380769052715
3060,142.46485339049536,142.46485339049536,142.46485339049536,142.46485339049536,142.46485339049536,142.46485339049536,142.46485339049536
3061,170.6577162320285,170.6577162320285,170.6577162320285,170.6577162320285,170.6577162320285,170.6577162320285,170.6577162320285
3062,206.4067083747515,206.4067083747515,206.4067083747515,206.4067083747515,206.4067083747515,206.4067083747515,206.4067083747515
3063,238.20388606819202,238.20388606819202,238.20388606819202,238.20388606819202,238.20388606819202,238.20388606819202,238.20388606819202
3064,220.35495906854175,220.35495906854175,220.35495906854175,220.35495906854175,220.35495906854175,220.35495906854175,220.35495906854175
3065,198.9355383712911,198.9355383712911,198.9355383712911,198.9355383712911,198.9355383712911,198.9355383712911,198.9355383712911
3066,158.065685929468,158.065685929468,158.065685929468,158.065685929468,158.065685929468,158.065685929468,158.065685929468
3067,110.57197033741417,110.57197033741417,110.57197033741417,110.57197033741417,110.57197033741417,110.57197033741417,110.57197033741417
3068,86.54655383964833,86.54655383964833,86.54655383964833,86.54655383964833,86.54655383964833,86.54655383964833,86.54655383964833
3069,122.4084610320687,122.4084610320687,122.4084610320687,122.4084610320687,122.4084610320687,122.4084610320687,122.4084610320687
3070,133.48697869977485,133.48697869977485,133.48697869977485,133.48697869977485,133.48697869977485,133.48697869977485,133.48697869977485
3071,130.84048879981077,130.84048879981077,130.84048879981077,130.84048879981077,130.84048879981077,130.84048879981077,130.84048879981077
3072,188.56959862937802,188.56959862937802,188.56959862937802,188.56959862937802,188.56959862937802,188.56959862937802,188.56959862937802
3073,204.30684329941997,204.30684329941997,204.30684329941997,204.30684329941997,204.30684329941997,204.30684329941997,204.30684329941997
3074,204.30684329941997,204.30684329941997,204.30684329941997,204.30684329941997,204.30684329941997,204.30684329941997,204.30684329941997
3075,204.30684329941997,204.30684329941997,204.30684329941997,204.30684329941997,204.30684329941997,204.30684329941997,204.30684329941997
3076,204.30684329941997,204.30684329941997,204.30684329941997,204.30684329941997,204.30684329941997,204.30684329941997,204.30684329941997
3077,204.30684329941997,204.30684329941997,204.30684329941997,204.30684329941997,204.30684329941997,204.30684329941997,204.30684329941997
3078,204.30684329941997,203.4138796423388,129.5966444727708,129.5966444727708,129.5966444727708,129.5966444727708,129.5966444727708
3079,204.30684329941997,144.77434082211917,137.63197447598557,137.63197447598557,137.63197447598557,137.63197447598557,137.63197447598557
3080,122.06959927724448,114.92723293111088,114.92723293111088,114.92723293111088,114.92723293111088,114.92723293111088,114.92723293111088
3081,82.27767713814515,82.27767713814515,82.27767713814515,82.27767713814515,82.27767713814515,82.27767713814515,82.27767713814515
3082,52.26796082710929,52.26796082710929,52.26796082710929,52.26796082710929,52.26796082710929,52.26796082710929,52.26796082710929
3083,39.698424760331115,39.698424760331115,39.698424760331115,39.698424760331115,39.698424760331115,39.698424760331115,39.698424760331115
3084,18.922573734543768,18.922573734543768,18.922573734543768,18.922573734543768,18.922573734543768,18.922573734543768,18.922573734543768
3085,1.2439031804047025,1.2439031804047025,1.2439031804047025,1.2439031804047025,1.2439031804047025,1.2439031804047025,1.2439031804047025
3086,1.2439031804047025,1.2439031804047025,1.2439031804047025,1.2439031804047025,1.2439031804047025,1.2439031804047025,1.2439031804047025
3087,1.2439031804047025,1.2439031804047025,1.2439031804047025,1.2439031804047025,1.2439031804047025,1.2439031804047025,1.2439031804047025
3088,1.2439031804047025,1.2439031804047025,1.2439031804047025,1.2439031804047025,1.2439031804047025,1.2439031804047025,1.2439031804047025
3089,1.2439031804047025,1.2439031804047025,1.2439031804047025,1.2439031804047025,1.2439031804047025,1.2439031804047025,1.2439031804047025
3090,1.2439031804047025,1.2439031804047025,1.2439031804047025,1.2439031804047025,1.2439031804047025,1.2439031804047025,1.2439031804047025
3091,1.2439031804047025,1.2439031804047025,1.2439031804047025,1.2439031804047025,1.2439031804047025,1.2439031804047025,1.2439031804047025
3092,1.2439031804047025,1.2439031804047025,1.2439031804047025,1.2439031804047025,1.2439031804047025,1.2439031804047025,1.2439031804047025
3093,1.2439031804047025,1.2439031804047025,1.2439031804047025,1.2439031804047025,1.2439031804047025,1.2439031804047025,1.2439031804047025
3094,1.2439031804047025,1.2439031804047025,1.2439031804047025,1.2439031804047025,1.2439031804047025,1.2439031804047025,1.2439031804047025
3095,1.2439031804047025,1.2439031804047025,1.2439031804047025,1.2439031804047025,1.2439031804047025,1.2439031804047025,1.2439031804047025
3096,1.2439031804047025,1.2439031804047025,1.2439031804047025,1.2439031804047025,1.2439031804047025,1.2439031804047025,1.2439031804047025
3097,1.2439031804047025,1.2439031804047025,1.2439031804047025,1.2439031804047025,1.2439031804047025,1.2439031804047025,1.2439031804047025
3098,1.2439031804047025,1.2439031804047025,1.2439031804047025,1.2439031804047025,1.2439031804047025,1.2439031804047025,1.2439031804047025
3099,1.2439031804047025,1.2439031804047025,1.2439031804047025,1.2439031804047025,1.2439031804047025,1.2439031804047025,1.2439031804047025
3100,1.2439031804047025,1.2439031804047025,1.2439031804047025,1.2439031804047025,1.2439031804047025,1.2439031804047025,1.2439031804047025
3101,1.2439031804047025,1.2439031804047025,1.2439031804047025,1.2439031804047025,1.2439031804047025,1.2439031804047025,1.2439031804047025
3102,1.2439031804047025,1.2439031804047025,1.2439031804047025,1.2439031804047025,1.2439031804047025,1.2439031804047025,1.2439031804047025
3103,1.2439031804047025,1.2439031804047025,1.2439031804047025,1.2439031804047025,1.2439031804047025,1.2439031804047025,1.2439031804047025
3104,1.2439031804047025,1.2439031804047025,1.2439031804047025,1.2439031804047025,1.2439031804047025,1.2439031804047025,1.2439031804047025
3105,1.2439031804047025,1.2439031804047025,1.2439031804047025,1.2439031804047025,1.2439031804047025,1.2439031804047025,1.2439031804047025
3106,1.2439031804047025,1.2439031804047025,1.2439031804047025,1.2439031804047025,1.2439031804047025,1.2439031804047025,1.2439031804047025
3107,1.2439031804047025,1.2439031804047025,1.2439031804047025,1.2439031804047025,1.2439031804047025,1.2439031804047025,1.2439031804047025
3108,1.2439031804047025,1.2439031804047025,1.2439031804047025,1.2439031804047025,1.2439031804047025,1.2439031804047025,1.2439031804047025
3109,1.2439031804047025,1.2439031804047025,1.2439031804047025,1.2439031804047025,1.2439031804047025,1.2439031804047025,1.2439031804047025
3110,1.2439031804047025,1.2439031804047025,1.2439031804047025,1.2439031804047025,1.2439031804047025,1.2439031804047025,1.2439031804047025
3111,1.2439031804047025,1.2439031804047025,1.2439031804047025,1.2439031804047025,1.2439031804047025,1.2439031804047025,1.2439031804047025
3112,1.2439031804047025,1.2439031804047025,1.2439031804047025,1.2439031804047025,1.2439031804047025,1.2439031804047025,1.2439031804047025
3113,1.2439031804047025,1.2439031804047025,1.2439031804047025,1.2439031804047025,1.2439031804047025,1.2439031804047025,1.2439031804047025
3114,1.2439031804047025,1.2439031804047025,1.2439031804047025,1.2439031804047025,1.2439031804047025,1.2439031804047025,1.2439031804047025
3115,1.2439031804047025,1.2439031804047025,1.2439031804047025,1.2439031804047025,1.2439031804047025,1.2439031804047025,1.2439031804047025
3116,1.2439031804047025,1.2439031804047025,1.2439031804047025,1.2439031804047025,1.2439031804047025,1.2439031804047025,1.2439031804047025
3117,1.2439031804047025,1.2439031804047025,1.2439031804047025,1.2439031804047025,1.2439031804047025,1.2439031804047025,1.2439031804047025
3118,1.2439031804047025,1.2439031804047025,1.2439031804047025,1.2439031804047025,1.2439031804047025,1.2439031804047025,1.2439031804047025
3119,1.2439031804047025,1.2439031804047025,1.2439031804047025,1.2439031804047025,1.2439031804047025,1.2439031804047025,1.2439031804047025
3120,1.2439031804047025,1.2439031804047025,1.2439031804047025,1.2439031804047025,1.2439031804047025,1.2439031804047025,1.2439031804047025
3121,1.2439031804047025,1.2439031804047025,1.2439031804047025,1.2439031804047025,1.2439031804047025,1.2439031804047025,1.2439031804047025
3122,1.2439031804047025,1.2439031804047025,1.2439031804047025,1.2439031804047025,1.2439031804047025,1.2439031804047025,1.2439031804047025
3123,1.2439031804047025,1.2439031804047025,1.2439031804047025,1.2439031804047025,1.2439031804047025,1.2439031804047025,1.2439031804047025
3124,1.2439031804047025,1.2439031804047025,1.2439031804047025,1.2439031804047025,1.2439031804047025,1.2439031804047025,1.2439031804047025
3125,1.2439031804047025,1.2439031804047025,1.2439031804047025,1.2439031804047025,1.2439031804047025,1.2439031804047025,1.2439031804047025
3126,1.2439031804047025,1.2439031804047025,1.2439031804047025,1.2439031804047025,1.2439031804047025,1.2439031804047025,1.2439031804047025
3127,1.2439031804047025,1.2439031804047025,1.2439031804047025,1.2439031804047025,1.2439031804047025,1.2439031804047025,1.2439031804047025
3128,1.2439031804047025,1.2439031804047025,1.2439031804047025,1.2439031804047025,1.2439031804047025,1.2439031804047025,1.2439031804047025
3129,1.2439031804047025,1.2439031804047025,1.2439031804047025,1.2439031804047025,1.2439031804047025,1.2439031804047025,1.2439031804047025
3130,1.2439031804047025,1.2439031804047025,1.2439031804047025,1.2439031804047025,1.2439031804047025,1.2439031804047025,1.2439031804047025
3131,1.2439031804047025,1.2439031804047025,1.2439031804047025,1.2439031804047025,1.2439031804047025,1.2439031804047025,1.2439031804047025
3132,1.2439031804047025,1.2439031804047025,1.2439031804047025,1.2439031804047025,1.2439031804047025,1.2439031804047025,1.2439031804047025
3133,1.2439031804047025,1.2439031804047025,1.2439031804047025,1.2439031804047025,1.2439031804047025,1.2439031804047025,1.2439031804047025
3134,1.2439031804047025,1.2439031804047025,1.2439031804047025,1.2439031804047025,1.2439031804047025,1.2439031804047025,1.2439031804047025
3135,1.2439031804047025,1.2439031804047025,1.2439031804047025,1.2439031804047025,1.2439031804047025,1.2439031804047025,1.2439031804047025
3136,1.2439031804047025,1.2439031804047025,1.2439031804047025,1.2439031804047025,1.2439031804047025,1.2439031804047025,1.2439031804047025
3137,1.2439031804047025,1.2439031804047025,1.2439031804047025,1.2439031804047025,1.2439031804047025,1.2439031804047025,1.2439031804047025
3138,1.2439031804047025,1.2439031804047025,1.2439031804047025,1.2439031804047025,1.2439031804047025,1.2439031804047025,1.2439031804047025
3139,1.2439031804047025,1.2439031804047025,1.2439031804047025,1.2439031804047025,1.2439031804047025,1.2439031804047025,1.2439031804047025
3140,1.2439031804047025,1.2439031804047025,1.2439031804047025,1.2439031804047025,1.2439031804047025,1.2439031804047025,1.2439031804047025
3141,1.2439031804047025,1.2439031804047025,1.2439031804047025,1.2439031804047025,1.2439031804047025,1.2439031804047025,1.2439031804047025
3142,1.2439031804047025,1.2439031804047025,1.2439031804047025,1.2439031804047025,1.2439031804047025,1.2439031804047025,1.2439031804047025
3143,1.2439031804047025,1.2439031804047025,1.2439031804047025,1.2439031804047025,1.2439031804047025,1.2439031804047025,1.2439031804047025
3144,1.2439031804047025,1.2439031804047025,1.2439031804047025,1.2439031804047025,1.2439031804047025,1.2439031804047025,1.2439031804047025
3145,1.2439031804047025,1.2439031804047025,1.2439031804047025,1.2439031804047025,1.2439031804047025,1.2439031804047025,1.2439031804047025
3146,1.2439031804047025,1.2439031804047025,1.2439031804047025,1.2439031804047025,1.2439031804047025,1.2439031804047025,1.2439031804047025
3147,1.2439031804047025,1.2439031804047025,1.2439031804047025,1.2439031804047025,1.2439031804047025,1.2439031804047025,1.2439031804047025
3148,1.2439031804047025,1.2439031804047025,1.2439031804047025,1.2439031804047025,1.2439031804047025,1.2439031804047025,1.2439031804047025
3149,1.2439031804047025,1.2439031804047025,1.2439031804047025,1.2439031804047025,1.2439031804047025,1.2439031804047025,1.2439031804047025
3150,1.2439031804047025,1.2439031804047025,1.2439031804047025,1.2439031804047025,1.2439031804047025,1.2439031804047025,1.2439031804047025
3151,1.2439031804047025,1.2439031804047025,1.2439031804047025,1.2439031804047025,1.2439031804047025,1.2439031804047025,1.2439031804047025
3152,1.2439031804047025,1.2439031804047025,1.2439031804047025,1.2439031804047025,1.2439031804047025,1.2439031804047025,1.2439031804047025
3153,1.2439031804047025,1.2439031804047025,1.2439031804047025,1.2439031804047025,1.2439031804047025,1.2439031804047025,1.2439031804047025
3154,1.2439031804047025,1.2439031804047025,1.2439031804047025,1.2439031804047025,1.2439031804047025,1.2439031804047025,1.2439031804047025
3155,1.2439031804047025,1.2439031804047025,1.2439031804047025,1.2439031804047025,1.2439031804047025,1.2439031804047025,1.2439031804047025
3156,1.2439031804047025,1.2439031804047025,1.2439031804047025,1.2439031804047025,1.2439031804047025,1.2439031804047025,1.2439031804047025
3157,1.2439031804047025,1.2439031804047025,1.2439031804047025,1.2439031804047025,1.2439031804047025,1.2439031804047025,1.2439031804047025
3158,1.2439031804047025,1.2439031804047025,1.2439031804047025,1.2439031804047025,1.2439031804047025,1.2439031804047025,1.2439031804047025
3159,1.2439031804047025,1.2439031804047025,1.2439031804047025,1.2439031804047025,1.2439031804047025,1.2439031804047025,1.2439031804047025
3160,1.2439031804047025,1.2439031804047025,1.2439031804047025,1.2439031804047025,1.2439031804047025,1.2439031804047025,1.2439031804047025
3161,1.2439031804047025,1.2439031804047025,1.2439031804047025,1.2439031804047025,1.2439031804047025,1.2439031804047025,1.2439031804047025
3162,1.2439031804047025,1.2439031804047025,1.2439031804047025,1.2439031804047025,1.2439031804047025,1.2439031804047025,1.2439031804047025
3163,1.2439031804047025,1.2439031804047025,1.2439031804047025,1.2439031804047025,1.2439031804047025,1.2439031804047025,1.2439031804047025
3164,4.146343934682342,4.146343934682342,4.146343934682342,4.146343934682342,4.146343934682342,4.146343934682342,4.146343934682342
3165,4.146343934682342,4.146343934682342,4.146343934682342,4.146343934682342,4.146343934682342,4.146343934682342,4.146343934682342
3166,4.146343934682342,4.146343934682342,4.146343934682342,4.146343934682342,4.146343934682342,4.146343934682342,4.146343934682342
3167,4.146343934682342,4.146343934682342,4.146343934682342,4.146343934682342,4.146343934682342,4.146343934682342,4.146343934682342
3168,4.146343934682342,4.146343934682342,4.146343934682342,4.146343934682342,4.146343934682342,4.146343934682342,4.146343934682342
3169,4.146343934682342,4.146343934682342,4.146343934682342,4.146343934682342,4.146343934682342,4.146343934682342,4.146343934682342
3170,4.146343934682342,4.146343934682342,4.146343934682342,4.146343934682342,4.146343934682342,4.146343934682342,4.146343934682342
3171,4.146343934682342,4.146343934682342,4.146343934682342,4.146343934682342,4.146343934682342,4.146343934682342,4.146343934682342
3172,4.146343934682342,4.146343934682342,4.146343934682342,4.146343934682342,4.146343934682342,4.146343934682342,4.146343934682342
3173,4.146343934682342,4.146343934682342,4.146343934682342,4.146343934682342,4.146343934682342,4.146343934682342,4.146343934682342
3174,4.146343934682342,4.146343934682342,4.146343934682342,4.146343934682342,4.146343934682342,4.146343934682342,4.146343934682342
3175,4.146343934682342,4.146343934682342,4.146343934682342,4.146343934682342,4.146343934682342,4.146343934682342,4.146343934682342
3176,4.146343934682342,4.146343934682342,4.146343934682342,4.146343934682342,4.146343934682342,4.146343934682342,4.146343934682342
3177,4.146343934682342,4.146343934682342,4.146343934682342,4.146343934682342,4.146343934682342,4.146343934682342,4.146343934682342
3178,4.146343934682342,4.146343934682342,4.146343934682342,4.146343934682342,4.146343934682342,4.146343934682342,4.146343934682342
3179,4.146343934682342,4.146343934682342,4.146343934682342,4.146343934682342,4.146343934682342,4.146343934682342,4.146343934682342
3180,4.146343934682342,4.146343934682342,4.146343934682342,4.146343934682342,4.146343934682342,4.146343934682342,4.146343934682342
3181,4.146343934682342,4.146343934682342,4.146343934682342,4.146343934682342,4.146343934682342,4.146343934682342,4.146343934682342
3182,4.146343934682342,4.146343934682342,4.146343934682342,4.146343934682342,4.146343934682342,4.146343934682342,4.146343934682342
3183,4.146343934682342,4.146343934682342,4.146343934682342,4.146343934682342,4.146343934682342,4.146343934682342,4.146343934682342
3184,4.146343934682342,4.146343934682342,4.146343934682342,4.146343934682342,4.146343934682342,4.146343934682342,4.146343934682342
3185,4.146343934682342,4.146343934682342,4.146343934682342,4.146343934682342,4.146343934682342,4.146343934682342,4.146343934682342
3186,4.146343934682342,4.146343934682342,4.146343934682342,4.146343934682342,4.146343934682342,4.146343934682342,4.146343934682342
3187,4.146343934682342,4.146343934682342,4.146343934682342,4.146343934682342,4.146343934682342,4.146343934682342,4.146343934682342
3188,4.146343934682342,4.146343934682342,4.146343934682342,4.146343934682342,4.146343934682342,4.146343934682342,4.146343934682342
3189,4.146343934682342,4.146343934682342,4.146343934682342,4.146343934682342,4.146343934682342,4.146343934682342,4.146343934682342
3190,4.146343934682342,4.146343934682342,4.146343934682342,4.146343934682342,4.146343934682342,4.146343934682342,4.146343934682342
3191,4.146343934682342,4.146343934682342,4.146343934682342,4.146343934682342,4.146343934682342,4.146343934682342,4.146343934682342
3192,4.146343934682342,4.146343934682342,4.146343934682342,4.146343934682342,4.146343934682342,4.146343934682342,4.146343934682342
3193,4.146343934682342,4.146343934682342,4.146343934682342,4.146343934682342,4.146343934682342,4.146343934682342,4.146343934682342
3194,4.146343934682342,4.146343934682342,4.146343934682342,4.146343934682342,4.146343934682342,4.146343934682342,4.146343934682342
3195,4.146343934682342,4.146343934682342,4.146343934682342,4.146343934682342,4.146343934682342,4.146343934682342,4.146343934682342
3196,4.146343934682342,4.146343934682342,4.146343934682342,4.146343934682342,4.146343934682342,4.146343934682342,4.146343934682342
3197,4.146343934682342,4.146343934682342,4.146343934682342,4.146343934682342,4.146343934682342,4.146343934682342,4.146343934682342
3198,4.146343934682342,4.146343934682342,4.146343934682342,4.146343934682342,4.146343934682342,4.146343934682342,4.146343934682342
3199,4.146343934682342,4.146343934682342,4.146343934682342,4.146343934682342,4.146343934682342,4.146343934682342,4.146343934682342
3200,4.146343934682342,4.146343934682342,4.146343934682342,4.146343934682342,4.146343934682342,4.146343934682342,4.146343934682342
3201,4.146343934682342,4.146343934682342,4.146343934682342,4.146343934682342,4.146343934682342,4.146343934682342,4.146343934682342
3202,4.146343934682342,4.146343934682342,4.146343934682342,4.146343934682342,4.146343934682342,4.146343934682342,4.146343934682342
3203,4.146343934682342,4.146343934682342,4.146343934682342,4.146343934682342,4.146343934682342,4.146343934682342,4.146343934682342
3204,4.146343934682342,4.146343934682342,4.146343934682342,4.146343934682342,4.146343934682342,4.146343934682342,4.146343934682342
3205,4.146343934682342,4.146343934682342,4.146343934682342,4.146343934682342,4.146343934682342,4.146343934682342,4.146343934682342
3206,4.146343934682342,4.146343934682342,4.146343934682342,4.146343934682342,4.146343934682342,4.146343934682342,4.146343934682342
3207,4.146343934682342,4.146343934682342,4.146343934682342,4.146343934682342,4.146343934682342,4.146343934682342,4.146343934682342
3208,4.146343934682342,4.146343934682342,4.146343934682342,4.146343934682342,4.146343934682342,4.146343934682342,4.146343934682342
3209,4.146343934682342,4.146343934682342,4.146343934682342,4.146343934682342,4.146343934682342,4.146343934682342,4.146343934682342
3210,4.146343934682342,4.146343934682342,4.146343934682342,4.146343934682342,4.146343934682342,4.146343934682342,4.146343934682342
3211,4.146343934682342,4.146343934682342,4.146343934682342,4.146343934682342,4.146343934682342,4.146343934682342,4.146343934682342
3212,4.146343934682342,4.146343934682342,4.146343934682342,4.146343934682342,4.146343934682342,4.146343934682342,4.146343934682342
3213,4.146343934682342,4.146343934682342,4.146343934682342,4.146343934682342,4.146343934682342,4.146343934682342,4.146343934682342
3214,4.146343934682342,4.146343934682342,4.146343934682342,4.146343934682342,4.146343934682342,4.146343934682342,4.146343934682342
3215,4.146343934682342,4.146343934682342,4.146343934682342,4.146343934682342,4.146343934682342,4.146343934682342,4.146343934682342
3216,4.146343934682342,4.146343934682342,4.146343934682342,4.146343934682342,4.146343934682342,4.146343934682342,4.146343934682342
3217,4.146343934682342,4.146343934682342,4.146343934682342,4.146343934682342,4.146343934682342,4.146343934682342,4.146343934682342
3218,4.146343934682342,4.146343934682342,4.146343934682342,4.146343934682342,4.146343934682342,4.146343934682342,4.146343934682342
3219,4.146343934682342,4.146343934682342,4.146343934682342,4.146343934682342,4.146343934682342,4.146343934682342,4.146343934682342
3220,4.146343934682342,4.146343934682342,4.146343934682342,4.146343934682342,4.146343934682342,4.146343934682342,4.146343934682342
3221,4.146343934682342,4.146343934682342,4.146343934682342,4.146343934682342,4.146343934682342,4.146343934682342,4.146343934682342
3222,4.146343934682342,4.146343934682342,4.146343934682342,4.146343934682342,4.146343934682342,4.146343934682342,4.146343934682342
3223,4.146343934682342,4.146343934682342,4.146343934682342,4.146343934682342,4.146343934682342,4.146343934682342,4.146343934682342
3224,4.146343934682342,4.146343934682342,4.146343934682342,4.146343934682342,4.146343934682342,4.146343934682342,4.146343934682342
3225,4.146343934682342,4.146343934682342,4.146343934682342,4.146343934682342,4.146343934682342,4.146343934682342,4.146343934682342
3226,4.146343934682342,4.146343934682342,4.146343934682342,4.146343934682342,4.146343934682342,4.146343934682342,4.146343934682342
3227,4.146343934682342,4.146343934682342,4.146343934682342,4.146343934682342,4.146343934682342,4.146343934682342,4.146343934682342
3228,4.146343934682342,4.146343934682342,4.146343934682342,4.146343934682342,4.146343934682342,4.146343934682342,4.146343934682342
3229,4.146343934682342,4.146343934682342,4.146343934682342,4.146343934682342,4.146343934682342,4.146343934682342,4.146343934682342
3230,4.146343934682342,4.146343934682342,4.146343934682342,4.146343934682342,4.146343934682342,4.146343934682342,4.146343934682342
3231,4.146343934682342,4.146343934682342,4.146343934682342,4.146343934682342,4.146343934682342,4.146343934682342,4.146343934682342
3232,4.146343934682342,4.146343934682342,4.146343934682342,4.146343934682342,4.146343934682342,4.146343934682342,4.146343934682342
3233,4.146343934682342,4.146343934682342,4.146343934682342,4.146343934682342,4.146343934682342,4.146343934682342,4.146343934682342
3234,4.146343934682342,4.146343934682342,4.146343934682342,4.146343934682342,4.146343934682342,4.146343934682342,4.146343934682342
3235,4.146343934682342,4.146343934682342,4.146343934682342,4.146343934682342,4.146343934682342,4.146343934682342,4.146343934682342
3236,4.146343934682342,4.146343934682342,4.146343934682342,4.146343934682342,4.146343934682342,4.146343934682342,4.146343934682342
3237,4.146343934682342,4.146343934682342,4.146343934682342,4.146343934682342,4.146343934682342,4.146343934682342,4.146343934682342
3238,4.146343934682342,4.146343934682342,4.146343934682342,4.146343934682342,4.146343934682342,4.146343934682342,4.146343934682342
3239,4.146343934682342,4.146343934682342,4.146343934682342,4.146343934682342,4.146343934682342,4.146343934682342,4.146343934682342
3240,4.146343934682342,4.146343934682342,4.146343934682342,4.146343934682342,4.146343934682342,4.146343934682342,4.146343934682342
3241,4.146343934682342,4.146343934682342,4.146343934682342,4.146343934682342,4.146343934682342,4.146343934682342,4.146343934682342
3242,4.146343934682342,4.146343934682342,4.146343934682342,4.146343934682342,4.146343934682342,4.146343934682342,4.146343934682342
3243,4.146343934682342,4.146343934682342,4.146343934682342,4.146343934682342,4.146343934682342,4.146343934682342,4.146343934682342
3244,4.146343934682342,4.146343934682342,4.146343934682342,4.146343934682342,4.146343934682342,4.146343934682342,4.146343934682342
3245,4.146343934682342,4.146343934682342,4.146343934682342,4.146343934682342,4.146343934682342,4.146343934682342,4.146343934682342
3246,4.146343934682342,4.146343934682342,4.146343934682342,4.146343934682342,4.146343934682342,4.146343934682342,4.146343934682342
3247,4.146343934682342,4.146343934682342,4.146343934682342,4.146343934682342,4.146343934682342,4.146343934682342,4.146343934682342
3248,4.146343934682342,4.146343934682342,4.146343934682342,4.146343934682342,4.146343934682342,4.146343934682342,4.146343934682342
3249,4.146343934682342,4.146343934682342,4.146343934682342,4.146343934682342,4.146343934682342,4.146343934682342,4.146343934682342
3250,4.146343934682342,4.146343934682342,4.146343934682342,4.146343934682342,4.146343934682342,4.146343934682342,4.146343934682342
3251,4.146343934682342,4.146343934682342,4.146343934682342,4.146343934682342,4.146343934682342,4.146343934682342,4.146343934682342
3252,4.146343934682342,4.146343934682342,4.146343934682342,4.146343934682342,4.146343934682342,4.146343934682342,4.146343934682342
3253,4.146343934682342,4.146343934682342,4.146343934682342,4.146343934682342,4.146343934682342,4.146343934682342,4.146343934682342
3254,4.146343934682342,4.146343934682342,4.146343934682342,4.146343934682342,4.146343934682342,4.146343934682342,4.146343934682342
3255,4.146343934682342,4.146343934682342,4.146343934682342,4.146343934682342,4.146343934682342,4.146343934682342,4.146343934682342
3256,4.146343934682342,4.146343934682342,4.146343934682342,4.146343934682342,4.146343934682342,4.146343934682342,4.146343934682342
3257,4.146343934682342,4.146343934682342,4.146343934682342,4.146343934682342,4.146343934682342,4.146343934682342,4.146343934682342
3258,4.146343934682342,4.146343934682342,4.146343934682342,4.146343934682342,4.146343934682342,4.146343934682342,4.146343934682342
3259,4.146343934682342,4.146343934682342,4.146343934682342,4.146343934682342,4.146343934682342,4.146343934682342,4.146343934682342
3260,4.146343934682342,4.146343934682342,4.146343934682342,4.146343934682342,4.146343934682342,4.146343934682342,4.146343934682342
3261,4.146343934682342,4.146343934682342,4.146343934682342,4.146343934682342,4.146343934682342,4.146343934682342,4.146343934682342
3262,4.146343934682342,4.146343934682342,4.146343934682342,4.146343934682342,4.146343934682342,4.146343934682342,4.146343934682342
3263,4.146343934682342,4.146343934682342,4.146343934682342,4.146343934682342,4.146343934682342,4.146343934682342,4.146343934682342
3264,4.146343934682342,4.146343934682342,4.146343934682342,4.146343934682342,4.146343934682342,4.146343934682342,4.146343934682342
3265,4.146343934682342,4.146343934682342,4.146343934682342,4.146343934682342,4.146343934682342,4.146343934682342,4.146343934682342
3266,4.146343934682342,4.146343934682342,4.146343934682342,4.146343934682342,4.146343934682342,4.146343934682342,4.146343934682342
3267,4.146343934682342,4.146343934682342,4.146343934682342,4.146343934682342,4.146343934682342,4.146343934682342,4.146343934682342
3268,4.146343934682342,4.146343934682342,4.146343934682342,4.146343934682342,4.146343934682342,4.146343934682342,4.146343934682342
3269,4.146343934682342,4.146343934682342,4.146343934682342,4.146343934682342,4.146343934682342,4.146343934682342,4.146343934682342
3270,4.146343934682342,4.146343934682342,4.146343934682342,4.146343934682342,4.146343934682342,4.146343934682342,4.146343934682342
3271,4.146343934682342,4.146343934682342,4.146343934682342,4.146343934682342,4.146343934682342,4.146343934682342,4.146343934682342
3272,4.146343934682342,4.146343934682342,4.146343934682342,4.146343934682342,4.146343934682342,4.146343934682342,4.146343934682342
3273,4.146343934682342,4.146343934682342,4.146343934682342,4.146343934682342,4.146343934682342,4.146343934682342,4.146343934682342
3274,4.146343934682342,4.146343934682342,4.146343934682342,4.146343934682342,4.146343934682342,4.146343934682342,4.146343934682342
3275,4.146343934682342,4.146343934682342,4.146343934682342,4.146343934682342,4.146343934682342,4.146343934682342,4.146343934682342
3276,4.146343934682342,4.146343934682342,4.146343934682342,4.146343934682342,4.146343934682342,4.146343934682342,4.146343934682342
3277,4.146343934682342,4.146343934682342,4.146343934682342,4.146343934682342,4.146343934682342,4.146343934682342,4.146343934682342
3278,4.146343934682342,4.146343934682342,4.146343934682342,4.146343934682342,4.146343934682342,4.146343934682342,4.146343934682342
3279,4.146343934682342,4.146343934682342,4.146343934682342,4.146343934682342,4.146343934682342,4.146343934682342,4.146343934682342
3280,4.146343934682342,4.146343934682342,4.146343934682342,4.146343934682342,4.146343934682342,4.146343934682342,4.146343934682342
3281,4.146343934682342,4.146343934682342,4.146343934682342,4.146343934682342,4.146343934682342,4.146343934682342,4.146343934682342
3282,15.55737211100969,15.55737211100969,15.55737211100969,15.55737211100969,15.55737211100969,15.55737211100969,15.55737211100969
3283,20.996815085597703,20.996815085597703,20.996815085597703,20.996815085597703,20.996815085597703,20.996815085597703,20.996815085597703
3284,27.00056639478526,27.00056639478526,27.00056639478526,27.00056639478526,27.00056639478526,27.00056639478526,27.00056639478526
3285,265.4978214247023,265.4978214247023,265.4978214247023,265.4978214247023,265.4978214247023,265.4978214247023,265.4978214247023
3286,240.0222143986272,240.0222143986272,240.0222143986272,240.0222143986272,240.0222143986272,240.0222143986272,240.0222143986272
3287,82.52436278028577,82.52436278028577,82.52436278028577,82.52436278028577,82.52436278028577,82.52436278028577,82.52436278028577
3288,9.754479776362992,9.754479776362992,9.754479776362992,9.754479776362992,9.754479776362992,9.754479776362992,9.754479776362992
3289,9.754479776362992,9.754479776362992,9.754479776362992,9.754479776362992,9.754479776362992,9.754479776362992,9.754479776362992
3290,9.754479776362992,9.754479776362992,9.754479776362992,9.754479776362992,9.754479776362992,9.754479776362992,9.754479776362992
3291,9.754479776362992,9.754479776362992,9.754479776362992,9.754479776362992,9.754479776362992,9.754479776362992,9.754479776362992
3292,9.754479776362992,9.754479776362992,9.754479776362992,9.754479776362992,9.754479776362992,9.754479776362992,9.754479776362992
3293,9.754479776362992,9.754479776362992,9.754479776362992,9.754479776362992,9.754479776362992,9.754479776362992,9.754479776362992
3294,9.754479776362992,9.754479776362992,9.754479776362992,9.754479776362992,9.754479776362992,9.754479776362992,9.754479776362992
3295,9.754479776362992,9.754479776362992,9.754479776362992,9.754479776362992,9.754479776362992,9.754479776362992,9.754479776362992
3296,9.754479776362992,9.754479776362992,9.754479776362992,9.754479776362992,9.754479776362992,9.754479776362992,9.754479776362992
3297,9.754479776362992,9.754479776362992,9.754479776362992,9.754479776362992,9.754479776362992,9.754479776362992,9.754479776362992
3298,9.754479776362992,9.754479776362992,9.754479776362992,9.754479776362992,9.754479776362992,9.754479776362992,9.754479776362992
3299,9.754479776362992,9.754479776362992,9.754479776362992,9.754479776362992,9.754479776362992,9.754479776362992,9.754479776362992
3300,9.754479776362992,9.754479776362992,9.754479776362992,9.754479776362992,9.754479776362992,9.754479776362992,9.754479776362992
3301,9.754479776362992,9.754479776362992,9.754479776362992,9.754479776362992,9.754479776362992,9.754479776362992,9.754479776362992
3302,11.220863728945611,11.220863728945611,11.220863728945611,11.220863728945611,11.220863728945611,11.220863728945611,11.220863728945611
3303,36.352948571715146,36.352948571715146,36.352948571715146,36.352948571715146,36.352948571715146,36.352948571715146,36.352948571715146
3304,57.19791492665284,57.19791492665284,57.19791492665284,57.19791492665284,57.19791492665284,57.19791492665284,57.19791492665284
3305,71.45849043979027,71.45849043979027,71.45849043979027,71.45849043979027,71.45849043979027,71.45849043979027,71.45849043979027
3306,86.66886478502144,86.66886478502144,86.66886478502144,86.66886478502144,86.66886478502144,86.66886478502144,86.66886478502144
3307,93.9876165436447,93.9876165436447,93.9876165436447,93.9876165436447,93.9876165436447,93.9876165436447,93.9876165436447
3308,106.05466200767093,106.05466200767093,106.05466200767093,106.05466200767093,106.05466200767093,106.05466200767093,106.05466200767093
3309,126.07059078945926,126.07059078945926,126.07059078945926,126.07059078945926,126.07059078945926,126.07059078945926,126.07059078945926
3310,159.17085025783538,159.17085025783538,159.17085025783538,159.17085025783538,159.17085025783538,159.17085025783538,159.17085025783538
3311,176.25905823029413,176.25905823029413,176.25905823029413,176.25905823029413,176.25905823029413,176.25905823029413,176.25905823029413
3312,193.43234726917993,193.43234726917993,193.43234726917993,193.43234726917993,193.43234726917993,193.43234726917993,193.43234726917993
3313,201.9537114732922,201.9537114732922,201.9537114732922,201.9537114732922,201.9537114732922,201.9537114732922,201.9537114732922
3314,198.8618347844789,198.8618347844789,198.8618347844789,198.8618347844789,198.8618347844789,198.8618347844789,198.8618347844789
3315,190.22039156385384,190.22039156385384,190.22039156385384,190.22039156385384,190.22039156385384,190.22039156385384,190.22039156385384
3316,187.400333179034,187.400333179034,187.400333179034,187.400333179034,187.400333179034,187.400333179034,187.400333179034
3317,9.754479776362992,9.754479776362992,9.754479776362992,9.754479776362992,9.754479776362992,9.754479776362992,9.754479776362992
3318,9.754479776362992,9.754479776362992,9.754479776362992,9.754479776362992,9.754479776362992,9.754479776362992,9.754479776362992
3319,9.754479776362992,9.754479776362992,9.754479776362992,9.754479776362992,9.754479776362992,9.754479776362992,9.754479776362992
3320,9.754479776362992,9.754479776362992,9.754479776362992,9.754479776362992,9.754479776362992,9.754479776362992,9.754479776362992
3321,9.754479776362992,9.754479776362992,9.754479776362992,9.754479776362992,9.754479776362992,9.754479776362992,9.754479776362992
3322,9.754479776362992,9.754479776362992,9.754479776362992,9.754479776362992,9.754479776362992,9.754479776362992,9.754479776362992
3323,9.754479776362992,9.754479776362992,9.754479776362992,9.754479776362992,9.754479776362992,9.754479776362992,9.754479776362992
3324,9.754479776362992,9.754479776362992,9.754479776362992,9.754479776362992,9.754479776362992,9.754479776362992,9.754479776362992
3325,9.754479776362992,9.754479776362992,9.754479776362992,9.754479776362992,9.754479776362992,9.754479776362992,9.754479776362992
3326,9.754479776362992,9.754479776362992,9.754479776362992,9.754479776362992,9.754479776362992,9.754479776362992,9.754479776362992
3327,9.754479776362992,9.754479776362992,9.754479776362992,9.754479776362992,9.754479776362992,9.754479776362992,9.754479776362992
3328,9.754479776362992,9.754479776362992,9.754479776362992,9.754479776362992,9.754479776362992,9.754479776362992,9.754479776362992
3329,9.754479776362992,9.754479776362992,9.754479776362992,9.754479776362992,9.754479776362992,9.754479776362992,9.754479776362992
3330,9.754479776362992,9.754479776362992,9.754479776362992,9.754479776362992,9.754479776362992,9.754479776362992,9.754479776362992
3331,9.754479776362992,9.754479776362992,9.754479776362992,9.754479776362992,9.754479776362992,9.754479776362992,9.754479776362992
3332,9.754479776362992,9.754479776362992,9.754479776362992,9.754479776362992,9.754479776362992,9.754479776362992,9.754479776362992
3333,9.754479776362992,9.754479776362992,9.754479776362992,9.754479776362992,9.754479776362992,9.754479776362992,9.754479776362992
3334,9.754479776362992,9.754479776362992,9.754479776362992,9.754479776362992,9.754479776362992,9.754479776362992,9.754479776362992
3335,9.754479776362992,9.754479776362992,9.754479776362992,9.754479776362992,9.754479776362992,9.754479776362992,9.754479776362992
3336,9.754479776362992,9.754479776362992,9.754479776362992,9.754479776362992,9.754479776362992,9.754479776362992,9.754479776362992
3337,9.754479776362992,9.754479776362992,9.754479776362992,9.754479776362992,9.754479776362992,9.754479776362992,9.754479776362992
3338,9.754479776362992,9.754479776362992,9.754479776362992,9.754479776362992,9.754479776362992,9.754479776362992,9.754479776362992
3339,9.754479776362992,9.754479776362992,9.754479776362992,9.754479776362992,9.754479776362992,9.754479776362992,9.754479776362992
3340,9.754479776362992,9.754479776362992,9.754479776362992,9.754479776362992,9.754479776362992,9.754479776362992,9.754479776362992
3341,9.754479776362992,9.754479776362992,9.754479776362992,9.754479776362992,9.754479776362992,9.754479776362992,9.754479776362992
3342,9.754479776362992,9.754479776362992,9.754479776362992,9.754479776362992,9.754479776362992,9.754479776362992,9.754479776362992
3343,9.754479776362992,9.754479776362992,9.754479776362992,9.754479776362992,9.754479776362992,9.754479776362992,9.754479776362992
3344,9.754479776362992,9.754479776362992,9.754479776362992,9.754479776362992,9.754479776362992,9.754479776362992,9.754479776362992
3345,9.754479776362992,9.754479776362992,9.754479776362992,9.754479776362992,9.754479776362992,9.754479776362992,9.754479776362992
3346,9.754479776362992,9.754479776362992,9.754479776362992,9.754479776362992,9.754479776362992,9.754479776362992,9.754479776362992
3347,9.754479776362992,9.754479776362992,9.754479776362992,9.754479776362992,9.754479776362992,9.754479776362992,9.754479776362992
3348,9.754479776362992,9.754479776362992,9.754479776362992,9.754479776362992,9.754479776362992,9.754479776362992,9.754479776362992
3349,9.754479776362992,9.754479776362992,9.754479776362992,9.754479776362992,9.754479776362992,9.754479776362992,9.754479776362992
3350,9.754479776362992,9.754479776362992,9.754479776362992,9.754479776362992,9.754479776362992,9.754479776362992,9.754479776362992
3351,9.754479776362992,9.754479776362992,9.754479776362992,9.754479776362992,9.754479776362992,9.754479776362992,9.754479776362992
3352,9.754479776362992,9.754479776362992,9.754479776362992,9.754479776362992,9.754479776362992,9.754479776362992,9.754479776362992
3353,9.754479776362992,9.754479776362992,9.754479776362992,9.754479776362992,9.754479776362992,9.754479776362992,9.754479776362992
3354,9.754479776362992,9.754479776362992,9.754479776362992,9.754479776362992,9.754479776362992,9.754479776362992,9.754479776362992
3355,9.754479776362992,9.754479776362992,9.754479776362992,9.754479776362992,9.754479776362992,9.754479776362992,9.754479776362992
3356,9.754479776362992,9.754479776362992,9.754479776362992,9.754479776362992,9.754479776362992,9.754479776362992,9.754479776362992
3357,9.754479776362992,9.754479776362992,9.754479776362992,9.754479776362992,9.754479776362992,9.754479776362992,9.754479776362992
3358,9.754479776362992,9.754479776362992,9.754479776362992,9.754479776362992,9.754479776362992,9.754479776362992,9.754479776362992
3359,9.754479776362992,9.754479776362992,9.754479776362992,9.754479776362992,9.754479776362992,9.754479776362992,9.754479776362992
3360,9.754479776362992,9.754479776362992,9.754479776362992,9.754479776362992,9.754479776362992,9.754479776362992,9.754479776362992
3361,9.754479776362992,9.754479776362992,9.754479776362992,9.754479776362992,9.754479776362992,9.754479776362992,9.754479776362992
3362,9.754479776362992,9.754479776362992,9.754479776362992,9.754479776362992,9.754479776362992,9.754479776362992,9.754479776362992
3363,9.754479776362992,9.754479776362992,9.754479776362992,9.754479776362992,9.754479776362992,9.754479776362992,9.754479776362992
3364,9.754479776362992,9.754479776362992,9.754479776362992,9.754479776362992,9.754479776362992,9.754479776362992,9.754479776362992
3365,9.754479776362992,9.754479776362992,9.754479776362992,9.754479776362992,9.754479776362992,9.754479776362992,9.754479776362992
3366,9.754479776362992,9.754479776362992,9.754479776362992,9.754479776362992,9.754479776362992,9.754479776362992,9.754479776362992
3367,9.754479776362992,9.754479776362992,9.754479776362992,9.754479776362992,9.754479776362992,9.754479776362992,9.754479776362992
3368,9.754479776362992,9.754479776362992,9.754479776362992,9.754479776362992,9.754479776362992,9.754479776362992,9.754479776362992
3369,9.754479776362992,9.754479776362992,9.754479776362992,9.754479776362992,9.754479776362992,9.754479776362992,9.754479776362992
3370,9.754479776362992,9.754479776362992,9.754479776362992,9.754479776362992,9.754479776362992,9.754479776362992,9.754479776362992
3371,9.754479776362992,9.754479776362992,9.754479776362992,9.754479776362992,9.754479776362992,9.754479776362992,9.754479776362992
3372,9.754479776362992,9.754479776362992,9.754479776362992,9.754479776362992,9.754479776362992,9.754479776362992,9.754479776362992
3373,9.754479776362992,9.754479776362992,9.754479776362992,9.754479776362992,9.754479776362992,9.754479776362992,9.754479776362992
3374,9.754479776362992,9.754479776362992,9.754479776362992,9.754479776362992,9.754479776362992,9.754479776362992,9.754479776362992
3375,9.754479776362992,9.754479776362992,9.754479776362992,9.754479776362992,9.754479776362992,9.754479776362992,9.754479776362992
3376,9.754479776362992,9.754479776362992,9.754479776362992,9.754479776362992,9.754479776362992,9.754479776362992,9.754479776362992
3377,9.754479776362992,9.754479776362992,9.754479776362992,9.754479776362992,9.754479776362992,9.754479776362992,9.754479776362992
3378,9.754479776362992,9.754479776362992,9.754479776362992,9.754479776362992,9.754479776362992,9.754479776362992,9.754479776362992
3379,9.754479776362992,9.754479776362992,9.754479776362992,9.754479776362992,9.754479776362992,9.754479776362992,9.754479776362992
3380,9.754479776362992,9.754479776362992,9.754479776362992,9.754479776362992,9.754479776362992,9.754479776362992,9.754479776362992
3381,9.754479776362992,9.754479776362992,9.754479776362992,9.754479776362992,9.754479776362992,9.754479776362992,9.754479776362992
3382,9.754479776362992,9.754479776362992,9.754479776362992,9.754479776362992,9.754479776362992,9.754479776362992,9.754479776362992
3383,9.754479776362992,9.754479776362992,9.754479776362992,9.754479776362992,9.754479776362992,9.754479776362992,9.754479776362992
3384,9.754479776362992,9.754479776362992,9.754479776362992,9.754479776362992,9.754479776362992,9.754479776362992,9.754479776362992
3385,9.754479776362992,9.754479776362992,9.754479776362992,9.754479776362992,9.754479776362992,9.754479776362992,9.754479776362992
3386,9.754479776362992,9.754479776362992,9.754479776362992,9.754479776362992,9.754479776362992,9.754479776362992,9.754479776362992
3387,9.754479776362992,9.754479776362992,9.754479776362992,9.754479776362992,9.754479776362992,9.754479776362992,9.754479776362992
3388,9.754479776362992,9.754479776362992,9.754479776362992,9.754479776362992,9.754479776362992,9.754479776362992,9.754479776362992
3389,9.754479776362992,9.754479776362992,9.754479776362992,9.754479776362992,9.754479776362992,9.754479776362992,9.754479776362992
3390,9.754479776362992,9.754479776362992,9.754479776362992,9.754479776362992,9.754479776362992,9.754479776362992,9.754479776362992
3391,9.754479776362992,9.754479776362992,9.754479776362992,9.754479776362992,9.754479776362992,9.754479776362992,9.754479776362992
3392,9.754479776362992,9.754479776362992,9.754479776362992,9.754479776362992,9.754479776362992,9.754479776362992,9.754479776362992
3393,9.754479776362992,9.754479776362992,9.754479776362992,9.754479776362992,9.754479776362992,9.754479776362992,9.754479776362992
3394,9.754479776362992,9.754479776362992,9.754479776362992,9.754479776362992,9.754479776362992,9.754479776362992,9.754479776362992
3395,9.754479776362992,9.754479776362992,9.754479776362992,9.754479776362992,9.754479776362992,9.754479776362992,9.754479776362992
3396,9.754479776362992,9.754479776362992,9.754479776362992,9.754479776362992,9.754479776362992,9.754479776362992,9.754479776362992
3397,9.754479776362992,9.754479776362992,9.754479776362992,9.754479776362992,9.754479776362992,9.754479776362992,9.754479776362992
3398,9.754479776362992,9.754479776362992,9.754479776362992,9.754479776362992,9.754479776362992,9.754479776362992,9.754479776362992
3399,9.754479776362992,9.754479776362992,9.754479776362992,9.754479776362992,9.754479776362992,9.754479776362992,9.754479776362992
3400,9.754479776362992,9.754479776362992,9.754479776362992,9.754479776362992,9.754479776362992,9.754479776362992,9.754479776362992
3401,9.754479776362992,9.754479776362992,9.754479776362992,9.754479776362992,9.754479776362992,9.754479776362992,9.754479776362992
3402,9.754479776362992,9.754479776362992,9.754479776362992,9.754479776362992,9.754479776362992,9.754479776362992,9.754479776362992
3403,9.754479776362992,9.754479776362992,9.754479776362992,9.754479776362992,9.754479776362992,9.754479776362992,9.754479776362992
3404,9.754479776362992,9.754479776362992,9.754479776362992,9.754479776362992,9.754479776362992,9.754479776362992,9.754479776362992
3405,9.754479776362992,9.754479776362992,9.754479776362992,9.754479776362992,9.754479776362992,9.754479776362992,9.754479776362992
3406,9.754479776362992,9.754479776362992,9.754479776362992,9.754479776362992,9.754479776362992,9.754479776362992,9.754479776362992
3407,9.754479776362992,9.754479776362992,9.754479776362992,9.754479776362992,9.754479776362992,9.754479776362992,9.754479776362992
3408,9.754479776362992,9.754479776362992,9.754479776362992,9.754479776362992,9.754479776362992,9.754479776362992,9.754479776362992
3409,9.754479776362992,9.754479776362992,9.754479776362992,9.754479776362992,9.754479776362992,9.754479776362992,9.754479776362992
3410,9.754479776362992,9.754479776362992,9.754479776362992,9.754479776362992,9.754479776362992,9.754479776362992,9.754479776362992
3411,9.754479776362992,9.754479776362992,9.754479776362992,9.754479776362992,9.754479776362992,9.754479776362992,9.754479776362992
3412,9.754479776362992,9.754479776362992,9.754479776362992,9.754479776362992,9.754479776362992,9.754479776362992,9.754479776362992
3413,9.754479776362992,9.754479776362992,9.754479776362992,9.754479776362992,9.754479776362992,9.754479776362992,9.754479776362992
3414,9.754479776362992,9.754479776362992,9.754479776362992,9.754479776362992,9.754479776362992,9.754479776362992,9.754479776362992
3415,9.754479776362992,9.754479776362992,9.754479776362992,9.754479776362992,9.754479776362992,9.754479776362992,9.754479776362992
3416,9.754479776362992,9.754479776362992,9.754479776362992,9.754479776362992,9.754479776362992,9.754479776362992,9.754479776362992
3417,9.754479776362992,9.754479776362992,9.754479776362992,9.754479776362992,9.754479776362992,9.754479776362992,9.754479776362992
3418,9.754479776362992,9.754479776362992,9.754479776362992,9.754479776362992,9.754479776362992,9.754479776362992,9.754479776362992
3419,9.754479776362992,9.754479776362992,9.754479776362992,9.754479776362992,9.754479776362992,9.754479776362992,9.754479776362992
3420,9.754479776362992,9.754479776362992,9.754479776362992,9.754479776362992,9.754479776362992,9.754479776362992,9.754479776362992
3421,9.754479776362992,9.754479776362992,9.754479776362992,9.754479776362992,9.754479776362992,9.754479776362992,9.754479776362992
3422,9.754479776362992,9.754479776362992,9.754479776362992,9.754479776362992,9.754479776362992,9.754479776362992,9.754479776362992
3423,9.754479776362992,9.754479776362992,9.754479776362992,9.754479776362992,9.754479776362992,9.754479776362992,9.754479776362992
3424,9.754479776362992,9.754479776362992,9.754479776362992,9.754479776362992,9.754479776362992,9.754479776362992,9.754479776362992
3425,9.754479776362992,9.754479776362992,9.754479776362992,9.754479776362992,9.754479776362992,9.754479776362992,9.754479776362992
3426,9.754479776362992,9.754479776362992,9.754479776362992,9.754479776362992,9.754479776362992,9.754479776362992,9.754479776362992
3427,9.754479776362992,9.754479776362992,9.754479776362992,9.754479776362992,9.754479776362992,9.754479776362992,9.754479776362992
3428,9.754479776362992,9.754479776362992,9.754479776362992,9.754479776362992,9.754479776362992,9.754479776362992,9.754479776362992
3429,9.754479776362992,9.754479776362992,9.754479776362992,9.754479776362992,9.754479776362992,9.754479776362992,9.754479776362992
3430,9.754479776362992,9.754479776362992,9.754479776362992,9.754479776362992,9.754479776362992,9.754479776362992,9.754479776362992
3431,9.754479776362992,9.754479776362992,9.754479776362992,9.754479776362992,9.754479776362992,9.754479776362992,9.754479776362992
3432,9.754479776362992,9.754479776362992,9.754479776362992,9.754479776362992,9.754479776362992,9.754479776362992,9.754479776362992
3433,9.754479776362992,9.754479776362992,9.754479776362992,9.754479776362992,9.754479776362992,9.754479776362992,9.754479776362992
3434,9.754479776362992,9.754479776362992,9.754479776362992,9.754479776362992,9.754479776362992,9.754479776362992,9.754479776362992
3435,9.754479776362992,9.754479776362992,9.754479776362992,9.754479776362992,9.754479776362992,9.754479776362992,9.754479776362992
3436,9.754479776362992,9.754479776362992,9.754479776362992,9.754479776362992,9.754479776362992,9.754479776362992,9.754479776362992
3437,9.754479776362992,9.754479776362992,9.754479776362992,9.754479776362992,9.754479776362992,9.754479776362992,9.754479776362992
3438,9.754479776362992,9.754479776362992,9.754479776362992,9.754479776362992,9.754479776362992,9.754479776362992,9.754479776362992
3439,9.754479776362992,9.754479776362992,9.754479776362992,9.754479776362992,9.754479776362992,9.754479776362992,9.754479776362992
3440,9.754479776362992,9.754479776362992,9.754479776362992,9.754479776362992,9.754479776362992,9.754479776362992,9.754479776362992
3441,9.754479776362992,9.754479776362992,9.754479776362992,9.754479776362992,9.754479776362992,9.754479776362992,9.754479776362992
3442,9.754479776362992,9.754479776362992,9.754479776362992,9.754479776362992,9.754479776362992,9.754479776362992,9.754479776362992
3443,9.754479776362992,9.754479776362992,9.754479776362992,9.754479776362992,9.754479776362992,9.754479776362992,9.754479776362992
3444,9.754479776362992,9.754479776362992,9.754479776362992,9.754479776362992,9.754479776362992,9.754479776362992,9.754479776362992
3445,9.754479776362992,9.754479776362992,9.754479776362992,9.754479776362992,9.754479776362992,9.754479776362992,9.754479776362992
3446,9.754479776362992,9.754479776362992,9.754479776362992,9.754479776362992,9.754479776362992,9.754479776362992,9.754479776362992
3447,9.754479776362992,9.754479776362992,9.754479776362992,9.754479776362992,9.754479776362992,9.754479776362992,9.754479776362992
3448,9.754479776362992,9.754479776362992,9.754479776362992,9.754479776362992,9.754479776362992,9.754479776362992,9.754479776362992
3449,9.754479776362992,9.754479776362992,9.754479776362992,9.754479776362992,9.754479776362992,9.754479776362992,9.754479776362992
3450,9.754479776362992,9.754479776362992,9.754479776362992,9.754479776362992,9.754479776362992,9.754479776362992,9.754479776362992
3451,9.754479776362992,9.754479776362992,9.754479776362992,9.754479776362992,9.754479776362992,9.754479776362992,9.754479776362992
3452,9.754479776362992,9.754479776362992,9.754479776362992,9.754479776362992,9.754479776362992,9.754479776362992,9.754479776362992
3453,9.754479776362992,9.754479776362992,9.754479776362992,9.754479776362992,9.754479776362992,9.754479776362992,9.754479776362992
3454,9.754479776362992,9.754479776362992,9.754479776362992,9.754479776362992,9.754479776362992,9.754479776362992,9.754479776362992
3455,9.754479776362992,9.754479776362992,9.754479776362992,9.754479776362992,9.754479776362992,9.754479776362992,9.754479776362992
3456,9.754479776362992,9.754479776362992,9.754479776362992,9.754479776362992,9.754479776362992,9.754479776362992,9.754479776362992
3457,9.754479776362992,9.754479776362992,9.754479776362992,9.754479776362992,9.754479776362992,9.754479776362992,9.754479776362992
3458,9.754479776362992,9.754479776362992,9.754479776362992,9.754479776362992,9.754479776362992,9.754479776362992,9.754479776362992
3459,9.754479776362992,9.754479776362992,9.754479776362992,9.754479776362992,9.754479776362992,9.754479776362992,9.754479776362992
3460,9.754479776362992,9.754479776362992,9.754479776362992,9.754479776362992,9.754479776362992,9.754479776362992,9.754479776362992
3461,0.0,0.0,0.0,0.0,0.0,0.0,0.0
3462,0.0,0.0,0.0,0.0,0.0,0.0,0.0
3463,0.0,0.0,0.0,0.0,0.0,0.0,0.0
3464,0.0,0.0,0.0,0.0,0.0,0.0,0.0
3465,0.0,0.0,0.0,0.0,0.0,0.0,0.0
3466,0.0,0.0,0.0,0.0,0.0,0.0,0.0
3467,0.0,0.0,0.0,0.0,0.0,0.0,0.0
3468,0.0,0.0,0.0,0.0,0.0,0.0,0.0
3469,0.0,0.0,0.0,0.0,0.0,0.0,0.0
3470,0.0,0.0,0.0,0.0,0.0,0.0,0.0
3471,0.0,0.0,0.0,0.0,0.0,0.0,0.0
3472,0.0,0.0,0.0,0.0,0.0,0.0,0.0
3473,0.0,0.0,0.0,0.0,0.0,0.0,0.0
3474,0.0,0.0,0.0,0.0,0.0,0.0,0.0
3475,0.0,0.0,0.0,0.0,0.0,0.0,0.0
3476,0.0,0.0,0.0,0.0,0.0,0.0,0.0
3477,0.0,0.0,0.0,0.0,0.0,0.0,0.0
3478,0.0,0.0,0.0,0.0,0.0,0.0,0.0
3479,0.0,0.0,0.0,0.0,0.0,0.0,0.0
3480,0.0,0.0,0.0,0.0,0.0,0.0,0.0
3481,0.0,0.0,0.0,0.0,0.0,0.0,0.0
3482,0.0,0.0,0.0,0.0,0.0,0.0,0.0
3483,0.0,0.0,0.0,0.0,0.0,0.0,0.0
3484,0.0,0.0,0.0,0.0,0.0,0.0,0.0
3485,0.0,0.0,0.0,0.0,0.0,0.0,0.0
3486,0.0,0.0,0.0,0.0,0.0,0.0,0.0
3487,0.0,0.0,0.0,0.0,0.0,0.0,0.0
3488,0.0,0.0,0.0,0.0,0.0,0.0,0.0
3489,0.0,0.0,0.0,0.0,0.0,0.0,0.0
3490,0.0,0.0,0.0,0.0,0.0,0.0,0.0
3491,0.0,0.0,0.0,0.0,0.0,0.0,0.0
3492,0.0,0.0,0.0,0.0,0.0,0.0,0.0
3493,0.0,0.0,0.0,0.0,0.0,0.0,0.0
3494,0.0,0.0,0.0,0.0,0.0,0.0,0.0
3495,0.0,0.0,0.0,0.0,0.0,0.0,0.0
3496,0.0,0.0,0.0,0.0,0.0,0.0,0.0
3497,0.0,0.0,0.0,0.0,0.0,0.0,0.0
3498,0.0,0.0,0.0,0.0,0.0,0.0,0.0
3499,0.0,0.0,0.0,0.0,0.0,0.0,0.0
3500,0.0,0.0,0.0,0.0,0.0,0.0,0.0
3501,0.0,0.0,0.0,0.0,0.0,0.0,0.0
3502,0.0,0.0,0.0,0.0,0.0,0.0,0.0
3503,0.0,0.0,0.0,0.0,0.0,0.0,0.0
3504,0.0,0.0,0.0,0.0,0.0,0.0,0.0
3505,0.0,0.0,0.0,0.0,0.0,0.0,0.0
3506,0.0,0.0,0.0,0.0,0.0,0.0,0.0
3507,0.0,0.0,0.0,0.0,0.0,0.0,0.0
3508,0.0,0.0,0.0,0.0,0.0,0.0,0.0
3509,0.0,0.0,0.0,0.0,0.0,0.0,0.0
3510,0.0,0.0,0.0,0.0,0.0,0.0,0.0
3511,0.0,0.0,0.0,0.0,0.0,0.0,0.0
3512,0.0,0.0,0.0,0.0,0.0,0.0,0.0
3513,0.0,0.0,0.0,0.0,0.0,0.0,0.0
3514,0.0,0.0,0.0,0.0,0.0,0.0,0.0
3515,0.0,0.0,0.0,0.0,0.0,0.0,0.0
3516,0.0,0.0,0.0,0.0,0.0,0.0,0.0
3517,0.0,0.0,0.0,0.0,0.0,0.0,0.0
3518,0.0,0.0,0.0,0.0,0.0,0.0,0.0
3519,0.0,0.0,0.0,0.0,0.0,0.0,0.0
3520,0.0,0.0,0.0,0.0,0.0,0.0,0.0
3521,0.0,0.0,0.0,0.0,0.0,0.0,0.0
3522,0.0,0.0,0.0,0.0,0.0,0.0,0.0
3523,0.0,0.0,0.0,0.0,0.0,0.0,0.0
3524,0.0,0.0,0.0,0.0,0.0,0.0,0.0
3525,0.0,0.0,0.0,0.0,0.0,0.0,0.0
3526,0.0,0.0,0.0,0.0,0.0,0.0,0.0
3527,0.0,0.0,0.0,0.0,0.0,0.0,0.0
3528,0.0,0.0,0.0,0.0,0.0,0.0,0.0
3529,0.0,0.0,0.0,0.0,0.0,0.0,0.0
3530,0.0,0.0,0.0,0.0,0.0,0.0,0.0
3531,0.0,0.0,0.0,0.0,0.0,0.0,0.0
3532,0.0,0.0,0.0,0.0,0.0,0.0,0.0
3533,0.0,0.0,0.0,0.0,0.0,0.0,0.0
3534,0.0,0.0,0.0,0.0,0.0,0.0,0.0
3535,0.0,0.0,0.0,0.0,0.0,0.0,0.0
3536,0.0,0.0,0.0,0.0,0.0,0.0,0.0
3537,0.0,0.0,0.0,0.0,0.0,0.0,0.0
3538,0.0,0.0,0.0,0.0,0.0,0.0,0.0
3539,0.0,0.0,0.0,0.0,0.0,0.0,0.0
3540,0.0,0.0,0.0,0.0,0.0,0.0,0.0
3541,0.0,0.0,0.0,0.0,0.0,0.0,0.0
3542,0.0,0.0,0.0,0.0,0.0,0.0,0.0
3543,0.0,0.0,0.0,0.0,0.0,0.0,0.0
3544,0.0,0.0,0.0,0.0,0.0,0.0,0.0
3545,0.0,0.0,0.0,0.0,0.0,0.0,0.0
3546,0.0,0.0,0.0,0.0,0.0,0.0,0.0
3547,0.0,0.0,0.0,0.0,0.0,0.0,0.0
3548,0.0,0.0,0.0,0.0,0.0,0.0,0.0
3549,0.0,0.0,0.0,0.0,0.0,0.0,0.0
3550,0.0,0.0,0.0,0.0,0.0,0.0,0.0
3551,0.0,0.0,0.0,0.0,0.0,0.0,0.0
3552,0.0,0.0,0.0,0.0,0.0,0.0,0.0
3553,0.0,0.0,0.0,0.0,0.0,0.0,0.0
3554,0.0,0.0,0.0,0.0,0.0,0.0,0.0
3555,0.0,0.0,0.0,0.0,0.0,0.0,0.0
3556,0.0,0.0,0.0,0.0,0.0,0.0,0.0
3557,0.0,0.0,0.0,0.0,0.0,0.0,0.0
3558,0.0,0.0,0.0,0.0,0.0,0.0,0.0
3559,0.0,0.0,0.0,0.0,0.0,0.0,0.0
3560,0.0,0.0,0.0,0.0,0.0,0.0,0.0
3561,0.0,0.0,0.0,0.0,0.0,0.0,0.0
3562,0.0,0.0,0.0,0.0,0.0,0.0,0.0
3563,0.0,0.0,0.0,0.0,0.0,0.0,0.0
3564,0.0,0.0,0.0,0.0,0.0,0.0,0.0
3565,0.0,0.0,0.0,0.0,0.0,0.0,0.0
3566,0.0,0.0,0.0,0.0,0.0,0.0,0.0
3567,0.0,0.0,0.0,0.0,0.0,0.0,0.0
3568,0.0,0.0,0.0,0.0,0.0,0.0,0.0
3569,0.0,0.0,0.0,0.0,0.0,0.0,0.0
3570,0.0,0.0,0.0,0.0,0.0,0.0,0.0
3571,0.0,0.0,0.0,0.0,0.0,0.0,0.0
3572,0.0,0.0,0.0,0.0,0.0,0.0,0.0
3573,0.0,0.0,0.0,0.0,0.0,0.0,0.0
3574,0.0,0.0,0.0,0.0,0.0,0.0,0.0
3575,0.0,0.0,0.0,0.0,0.0,0.0,0.0
3576,0.0,0.0,0.0,0.0,0.0,0.0,0.0
3577,0.0,0.0,0.0,0.0,0.0,0.0,0.0
3578,0.0,0.0,0.0,0.0,0.0,0.0,0.0
3579,0.0,0.0,0.0,0.0,0.0,0.0,0.0
3580,0.0,0.0,0.0,0.0,0.0,0.0,0.0
3581,0.0,0.0,0.0,0.0,0.0,0.0,0.0
3582,0.0,0.0,0.0,0.0,0.0,0.0,0.0
3583,0.0,0.0,0.0,0.0,0.0,0.0,0.0
3584,0.0,0.0,0.0,0.0,0.0,0.0,0.0
3585,0.0,0.0,0.0,0.0,0.0,0.0,0.0
3586,0.0,0.0,0.0,0.0,0.0,0.0,0.0
3587,0.0,0.0,0.0,0.0,0.0,0.0,0.0
3588,0.0,0.0,0.0,0.0,0.0,0.0,0.0
3589,0.0,0.0,0.0,0.0,0.0,0.0,0.0
3590,0.0,0.0,0.0,0.0,0.0,0.0,0.0
3591,0.0,0.0,0.0,0.0,0.0,0.0,0.0
3592,0.0,0.0,0.0,0.0,0.0,0.0,0.0
3593,0.0,0.0,0.0,0.0,0.0,0.0,0.0
3594,0.0,0.0,0.0,0.0,0.0,0.0,0.0
3595,0.0,0.0,0.0,0.0,0.0,0.0,0.0
3596,0.0,0.0,0.0,0.0,0.0,0.0,0.0
3597,0.0,0.0,0.0,0.0,0.0,0.0,0.0
3598,0.0,0.0,0.0,0.0,0.0,0.0,0.0
3599,0.0,0.0,0.0,0.0,0.0,0.0,0.0
3600,0.0,0.0,0.0,0.0,0.0,0.0,0.0
3601,0.0,0.0,0.0,0.0,0.0,0.0,0.0
3602,0.0,0.0,0.0,0.0,0.0,0.0,0.0
3603,0.0,0.0,0.0,0.0,0.0,0.0,0.0
3604,0.0,0.0,0.0,0.0,0.0,0.0,0.0
3605,0.0,0.0,0.0,0.0,0.0,0.0,0.0
3606,0.0,0.0,0.0,0.0,0.0,0.0,0.0
3607,0.0,0.0,0.0,0.0,0.0,0.0,0.0
3608,0.0,0.0,0.0,0.0,0.0,0.0,0.0
3609,0.0,0.0,0.0,0.0,0.0,0.0,0.0
3610,0.0,0.0,0.0,0.0,0.0,0.0,0.0
3611,0.0,0.0,0.0,0.0,0.0,0.0,0.0
3612,0.0,0.0,0.0,0.0,0.0,0.0,0.0
3613,0.0,0.0,0.0,0.0,0.0,0.0,0.0
3614,0.0,0.0,0.0,0.0,0.0,0.0,0.0
3615,0.0,0.0,0.0,0.0,0.0,0.0,0.0
3616,0.0,0.0,0.0,0.0,0.0,0.0,0.0
3617,0.0,0.0,0.0,0.0,0.0,0.0,0.0
3618,0.0,0.0,0.0,0.0,0.0,0.0,0.0
3619,0.0,0.0,0.0,0.0,0.0,0.0,0.0
3620,0.0,0.0,0.0,0.0,0.0,0.0,0.0
3621,0.0,0.0,0.0,0.0,0.0,0.0,0.0
3622,0.0,0.0,0.0,0.0,0.0,0.0,0.0
3623,0.0,0.0,0.0,0.0,0.0,0.0,0.0
3624,0.0,0.0,0.0,0.0,0.0,0.0,0.0
3625,0.0,0.0,0.0,0.0,0.0,0.0,0.0
3626,0.0,0.0,0.0,0.0,0.0,0.0,0.0
3627,0.0,0.0,0.0,0.0,0.0,0.0,0.0
3628,0.0,0.0,0.0,0.0,0.0,0.0,0.0
3629,0.0,0.0,0.0,0.0,0.0,0.0,0.0
3630,0.0,0.0,0.0,0.0,0.0,0.0,0.0
3631,0.0,0.0,0.0,0.0,0.0,0.0,0.0
3632,0.0,0.0,0.0,0.0,0.0,0.0,0.0
3633,0.0,0.0,0.0,0.0,0.0,0.0,0.0
3634,0.0,0.0,0.0,0.0,0.0,0.0,0.0
3635,0.0,0.0,0.0,0.0,0.0,0.0,0.0
3636,0.0,0.0,0.0,0.0,0.0,0.0,0.0
3637,0.0,0.0,0.0,0.0,0.0,0.0,0.0
3638,0.0,0.0,0.0,0.0,0.0,0.0,0.0
3639,0.0,0.0,0.0,0.0,0.0,0.0,0.0
3640,0.0,0.0,0.0,0.0,0.0,0.0,0.0
3641,0.0,0.0,0.0,0.0,0.0,0.0,0.0
3642,0.0,0.0,0.0,0.0,0.0,0.0,0.0
3643,0.0,0.0,0.0,0.0,0.0,0.0,0.0
3644,0.0,0.0,0.0,0.0,0.0,0.0,0.0
3645,0.0,0.0,0.0,0.0,0.0,0.0,0.0
3646,0.0,0.0,0.0,0.0,0.0,0.0,0.0
3647,0.0,0.0,0.0,0.0,0.0,0.0,0.0
3648,0.0,0.0,0.0,0.0,0.0,0.0,0.0
3649,0.0,0.0,0.0,0.0,0.0,0.0,0.0
3650,0.0,0.0,0.0,0.0,0.0,0.0,0.0
3651,0.0,0.0,0.0,0.0,0.0,0.0,0.0
3652,0.0,0.0,0.0,0.0,0.0,0.0,0.0
3653,0.0,0.0,0.0,0.0,0.0,0.0,0.0
3654,0.0,0.0,0.0,0.0,0.0,0.0,0.0
3655,0.0,0.0,0.0,0.0,0.0,0.0,0.0
3656,0.0,0.0,0.0,0.0,0.0,0.0,0.0
3657,0.0,0.0,0.0,0.0,0.0,0.0,0.0
3658,0.0,0.0,0.0,0.0,0.0,0.0,0.0
3659,0.0,0.0,0.0,0.0,0.0,0.0,0.0
3660,0.0,0.0,0.0,0.0,0.0,0.0,0.0
3661,0.0,0.0,0.0,0.0,0.0,0.0,0.0
3662,0.0,0.0,0.0,0.0,0.0,0.0,0.0
3663,0.0,0.0,0.0,0.0,0.0,0.0,0.0
3664,0.0,0.0,0.0,0.0,0.0,0.0,0.0
3665,2.591726172542807,2.591726172542807,2.591726172542807,2.591726172542807,2.591726172542807,2.591726172542807,2.591726172542807
3666,2.591726172542807,2.591726172542807,2.591726172542807,2.591726172542807,2.591726172542807,2.591726172542807,2.591726172542807
3667,2.591726172542807,2.591726172542807,2.591726172542807,2.591726172542807,2.591726172542807,2.591726172542807,2.591726172542807
3668,2.591726172542807,2.591726172542807,2.591726172542807,2.591726172542807,2.591726172542807,2.591726172542807,2.591726172542807
3669,2.591726172542807,2.591726172542807,2.591726172542807,2.591726172542807,2.591726172542807,2.591726172542807,2.591726172542807
3670,2.591726172542807,2.591726172542807,2.591726172542807,2.591726172542807,2.591726172542807,2.591726172542807,2.591726172542807
3671,2.591726172542807,2.591726172542807,2.591726172542807,2.591726172542807,2.591726172542807,2.591726172542807,2.591726172542807
3672,2.591726172542807,2.591726172542807,2.591726172542807,2.591726172542807,2.591726172542807,2.591726172542807,2.591726172542807
3673,2.591726172542807,2.591726172542807,2.591726172542807,2.591726172542807,2.591726172542807,2.591726172542807,2.591726172542807
3674,2.591726172542807,2.591726172542807,2.591726172542807,2.591726172542807,2.591726172542807,2.591726172542807,2.591726172542807
3675,2.591726172542807,2.591726172542807,2.591726172542807,2.591726172542807,2.591726172542807,2.591726172542807,2.591726172542807
3676,2.591726172542807,2.591726172542807,2.591726172542807,2.591726172542807,2.591726172542807,2.591726172542807,2.591726172542807
3677,2.591726172542807,2.591726172542807,2.591726172542807,2.591726172542807,2.591726172542807,2.591726172542807,2.591726172542807
3678,2.591726172542807,2.591726172542807,2.591726172542807,2.591726172542807,2.591726172542807,2.591726172542807,2.591726172542807
3679,2.591726172542807,2.591726172542807,2.591726172542807,2.591726172542807,2.591726172542807,2.591726172542807,2.591726172542807
3680,2.591726172542807,2.591726172542807,2.591726172542807,2.591726172542807,2.591726172542807,2.591726172542807,2.591726172542807
3681,2.591726172542807,2.591726172542807,2.591726172542807,2.591726172542807,2.591726172542807,2.591726172542807,2.591726172542807
3682,2.591726172542807,2.591726172542807,2.591726172542807,2.591726172542807,2.591726172542807,2.591726172542807,2.591726172542807
3683,2.591726172542807,2.591726172542807,2.591726172542807,2.591726172542807,2.591726172542807,2.591726172542807,2.591726172542807
3684,2.591726172542807,2.591726172542807,2.591726172542807,2.591726172542807,2.591726172542807,2.591726172542807,2.591726172542807
3685,2.591726172542807,2.591726172542807,2.591726172542807,2.591726172542807,2.591726172542807,2.591726172542807,2.591726172542807
3686,2.591726172542807,2.591726172542807,2.591726172542807,2.591726172542807,2.591726172542807,2.591726172542807,2.591726172542807
3687,2.591726172542807,2.591726172542807,2.591726172542807,2.591726172542807,2.591726172542807,2.591726172542807,2.591726172542807
3688,2.591726172542807,2.591726172542807,2.591726172542807,2.591726172542807,2.591726172542807,2.591726172542807,2.591726172542807
3689,2.591726172542807,2.591726172542807,2.591726172542807,2.591726172542807,2.591726172542807,2.591726172542807,2.591726172542807
3690,2.591726172542807,2.591726172542807,2.591726172542807,2.591726172542807,2.591726172542807,2.591726172542807,2.591726172542807
3691,2.591726172542807,2.591726172542807,2.591726172542807,2.591726172542807,2.591726172542807,2.591726172542807,2.591726172542807
3692,2.591726172542807,2.591726172542807,2.591726172542807,2.591726172542807,2.591726172542807,2.591726172542807,2.591726172542807
3693,2.591726172542807,2.591726172542807,2.591726172542807,2.591726172542807,2.591726172542807,2.591726172542807,2.591726172542807
3694,2.591726172542807,2.591726172542807,2.591726172542807,2.591726172542807,2.591726172542807,2.591726172542807,2.591726172542807
3695,2.591726172542807,2.591726172542807,2.591726172542807,2.591726172542807,2.591726172542807,2.591726172542807,2.591726172542807
3696,2.591726172542807,2.591726172542807,2.591726172542807,2.591726172542807,2.591726172542807,2.591726172542807,2.591726172542807
3697,2.591726172542807,2.591726172542807,2.591726172542807,2.591726172542807,2.591726172542807,2.591726172542807,2.591726172542807
3698,2.591726172542807,2.591726172542807,2.591726172542807,2.591726172542807,2.591726172542807,2.591726172542807,2.591726172542807
3699,2.591726172542807,2.591726172542807,2.591726172542807,2.591726172542807,2.591726172542807,2.591726172542807,2.591726172542807
3700,2.591726172542807,2.591726172542807,2.591726172542807,2.591726172542807,2.591726172542807,2.591726172542807,2.591726172542807
3701,2.591726172542807,2.591726172542807,2.591726172542807,2.591726172542807,2.591726172542807,2.591726172542807,2.591726172542807
3702,2.591726172542807,2.591726172542807,2.591726172542807,2.591726172542807,2.591726172542807,2.591726172542807,2.591726172542807
3703,2.591726172542807,2.591726172542807,2.591726172542807,2.591726172542807,2.591726172542807,2.591726172542807,2.591726172542807
3704,2.591726172542807,2.591726172542807,2.591726172542807,2.591726172542807,2.591726172542807,2.591726172542807,2.591726172542807
3705,2.591726172542807,2.591726172542807,2.591726172542807,2.591726172542807,2.591726172542807,2.591726172542807,2.591726172542807
3706,2.591726172542807,2.591726172542807,2.591726172542807,2.591726172542807,2.591726172542807,2.591726172542807,2.591726172542807
3707,2.591726172542807,2.591726172542807,2.591726172542807,2.591726172542807,2.591726172542807,2.591726172542807,2.591726172542807
3708,2.591726172542807,2.591726172542807,2.591726172542807,2.591726172542807,2.591726172542807,2.591726172542807,2.591726172542807
3709,2.591726172542807,2.591726172542807,2.591726172542807,2.591726172542807,2.591726172542807,2.591726172542807,2.591726172542807
3710,2.591726172542807,2.591726172542807,2.591726172542807,2.591726172542807,2.591726172542807,2.591726172542807,2.591726172542807
3711,2.591726172542807,2.591726172542807,2.591726172542807,2.591726172542807,2.591726172542807,2.591726172542807,2.591726172542807
3712,44.17503261369731,44.17503261369731,44.17503261369731,44.17503261369731,44.17503261369731,44.17503261369731,44.17503261369731
3713,122.6377839268024,122.6377839268024,122.6377839268024,122.6377839268024,122.6377839268024,122.6377839268024,122.6377839268024
3714,194.1037675800163,194.1037675800163,194.1037675800163,194.1037675800163,194.1037675800163,194.1037675800163,194.1037675800163
3715,253.2282367862898,253.2282367862898,253.2282367862898,253.2282367862898,253.2282367862898,253.2282367862898,253.2282367862898
3716,293.2254429995362,293.2254429995362,293.2254429995362,293.2254429995362,293.2254429995362,293.2254429995362,293.2254429995362
3717,316.222897893567,316.222897893567,316.222897893567,316.222897893567,316.222897893567,316.222897893567,316.222897893567
3718,328.6102312291132,328.6102312291132,328.6102312291132,328.6102312291132,328.6102312291132,328.6102312291132,328.6102312291132
3719,345.38096639049786,345.38096639049786,345.38096639049786,345.38096639049786,345.38096639049786,345.38096639049786,345.38096639049786
3720,360.79526089725607,360.79526089725607,360.79526089725607,360.79526089725607,360.79526089725607,360.79526089725607,360.79526089725607
3721,381.4249458590254,381.4249458590254,381.4249458590254,381.4249458590254,381.4249458590254,381.4249458590254,381.4249458590254
3722,408.8734783497188,408.8734783497188,408.8734783497188,408.8734783497188,408.8734783497188,408.8734783497188,408.8734783497188
3723,442.4228942615291,442.4228942615291,442.4228942615291,442.4228942615291,442.4228942615291,442.4228942615291,442.4228942615291
3724,457.96665614838065,457.96665614838065,457.96665614838065,457.96665614838065,457.96665614838065,457.96665614838065,457.96665614838065
3725,464.52206819735574,464.52206819735574,464.52206819735574,464.52206819735574,464.52206819735574,464.52206819735574,464.52206819735574
3726,514.3144787944788,514.3144787944788,514.3144787944788,514.3144787944788,514.3144787944788,514.3144787944788,514.3144787944788
3727,552.3371018853709,552.3371018853709,552.3371018853709,552.3371018853709,552.3371018853709,552.3371018853709,552.3371018853709
3728,601.0082790414444,601.0082790414444,601.0082790414444,601.0082790414444,601.0082790414444,601.0082790414444,601.0082790414444
3729,645.2667335922163,645.2667335922163,645.2667335922163,645.2667335922163,645.2667335922163,645.2667335922163,645.2667335922163
3730,685.4368910015637,685.4368910015637,685.4368910015637,685.4368910015637,685.4368910015637,685.4368910015637,685.4368910015637
3731,724.9444525511666,724.9444525511666,724.9444525511666,724.9444525511666,724.9444525511666,724.9444525511666,724.9444525511666
3732,764.3923012841822,764.3923012841822,764.3923012841822,764.3923012841822,764.3923012841822,764.3923012841822,764.3923012841822
3733,794.796026246461,794.796026246461,794.796026246461,794.796026246461,794.796026246461,794.796026246461,794.796026246461
3734,794.796026246461,794.796026246461,794.796026246461,794.796026246461,794.796026246461,794.796026246461,794.796026246461
3735,794.796026246461,794.796026246461,794.796026246461,794.796026246461,794.796026246461,794.796026246461,794.796026246461
3736,794.796026246461,794.796026246461,794.796026246461,794.796026246461,794.796026246461,794.796026246461,794.796026246461
3737,794.796026246461,794.796026246461,794.796026246461,794.796026246461,794.796026246461,794.796026246461,794.796026246461
3738,993.0450114997444,993.0450114997444,993.0450114997444,993.0450114997444,993.0450114997444,993.0450114997444,993.0450114997444
3739,1061.3145376979276,1061.3145376979276,1061.3145376979276,1061.3145376979276,1061.3145376979276,1061.3145376979276,1061.3145376979276
3740,967.9783332613562,967.9783332613562,967.9783332613562,967.9783332613562,967.9783332613562,967.9783332613562,967.9783332613562
3741,1036.5851459175824,1036.5851459175824,1036.5851459175824,1036.5851459175824,1036.5851459175824,1036.5851459175824,1036.5851459175824
3742,794.796026246461,794.796026246461,794.796026246461,794.796026246461,794.796026246461,794.796026246461,794.796026246461
3743,794.796026246461,794.796026246461,794.796026246461,794.796026246461,794.796026246461,794.796026246461,794.796026246461
3744,714.5751436974848,714.5751436974848,714.5751436974848,714.5751436974848,714.5751436974848,714.5751436974848,714.5751436974848
3745,598.6715022591259,598.6715022591259,598.6715022591259,598.6715022591259,598.6715022591259,598.6715022591259,598.6715022591259
3746,502.9066459871486,502.9066459871486,502.9066459871486,502.9066459871486,502.9066459871486,502.9066459871486,502.9066459871486
3747,425.38865374553376,425.38865374553376,425.38865374553376,425.38865374553376,425.38865374553376,425.38865374553376,425.38865374553376
3748,368.940176881791,368.940176881791,368.940176881791,368.940176881791,368.940176881791,368.940176881791,368.940176881791
3749,329.6079702124092,329.6079702124092,329.6079702124092,329.6079702124092,329.6079702124092,329.6079702124092,329.6079702124092
3750,298.5606955620473,298.5606955620473,298.5606955620473,298.5606955620473,298.5606955620473,298.5606955620473,298.5606955620473
3751,266.87654903127157,266.87654903127157,266.87654903127157,266.87654903127157,266.87654903127157,266.87654903127157,266.87654903127157
3752,237.55254241939895,237.55254241939895,237.55254241939895,237.55254241939895,237.55254241939895,237.55254241939895,237.55254241939895
3753,214.15730370824508,214.15730370824508,214.15730370824508,214.15730370824508,214.15730370824508,214.15730370824508,214.15730370824508
3754,200.08798422083999,200.08798422083999,200.08798422083999,200.08798422083999,200.08798422083999,200.08798422083999,200.08798422083999
3755,188.5569321674746,188.5569321674746,188.5569321674746,188.5569321674746,188.5569321674746,188.5569321674746,188.5569321674746
3756,181.36170739265322,181.36170739265322,181.36170739265322,181.36170739265322,181.36170739265322,181.36170739265322,181.36170739265322
3757,179.51053305398392,179.51053305398392,179.51053305398392,179.51053305398392,179.51053305398392,179.51053305398392,179.51053305398392
3758,185.94609349832714,185.94609349832714,185.94609349832714,185.94609349832714,185.94609349832714,185.94609349832714,185.94609349832714
3759,197.76792486624822,197.76792486624822,197.76792486624822,197.76792486624822,197.76792486624822,197.76792486624822,197.76792486624822
3760,214.9817990840609,214.9817990840609,214.9817990840609,214.9817990840609,214.9817990840609,214.9817990840609,214.9817990840609
3761,223.31467379391032,223.31467379391032,223.31467379391032,223.31467379391032,223.31467379391032,223.31467379391032,223.31467379391032
3762,228.83559728921713,228.83559728921713,228.83559728921713,228.83559728921713,228.83559728921713,228.83559728921713,228.83559728921713
3763,230.96712483532218,230.96712483532218,230.96712483532218,230.96712483532218,230.96712483532218,230.96712483532218,230.96712483532218
3764,232.312150656903,232.312150656903,232.312150656903,232.312150656903,232.312150656903,232.312150656903,232.312150656903
3765,200.41359724604084,200.41359724604084,200.41359724604084,200.41359724604084,200.41359724604084,200.41359724604084,200.41359724604084
3766,201.5900369589453,201.5900369589453,201.5900369589453,201.5900369589453,201.5900369589453,201.5900369589453,201.5900369589453
3767,355.717482671816,355.717482671816,355.717482671816,355.717482671816,355.717482671816,355.717482671816,355.717482671816
3768,381.25516239509835,381.25516239509835,381.25516239509835,381.25516239509835,381.25516239509835,381.25516239509835,381.25516239509835
3769,451.23753663139087,451.23753663139087,451.23753663139087,451.23753663139087,451.23753663139087,451.23753663139087,451.23753663139087
3770,422.7024256795799,422.7024256795799,422.7024256795799,422.7024256795799,422.7024256795799,422.7024256795799,422.7024256795799
3771,408.7411435675271,408.7411435675271,408.7411435675271,408.7411435675271,408.7411435675271,408.7411435675271,408.7411435675271
3772,452.98363987914837,452.98363987914837,452.98363987914837,452.98363987914837,452.98363987914837,452.98363987914837,452.98363987914837
3773,525.4412910963329,525.4412910963329,525.4412910963329,525.4412910963329,525.4412910963329,525.4412910963329,525.4412910963329
3774,477.09614827176574,477.09614827176574,477.09614827176574,477.09614827176574,477.09614827176574,477.09614827176574,477.09614827176574
3775,476.54206568995664,476.54206568995664,476.54206568995664,476.54206568995664,476.54206568995664,476.54206568995664,476.54206568995664
3776,472.492366746583,472.492366746583,472.492366746583,472.492366746583,472.492366746583,472.492366746583,472.492366746583
3777,456.53193544545536,456.53193544545536,456.53193544545536,456.53193544545536,456.53193544545536,456.53193544545536,456.53193544545536
3778,459.4747971000142,459.4747971000142,459.4747971000142,459.4747971000142,459.4747971000142,459.4747971000142,459.4747971000142
3779,478.68482061811653,478.68482061811653,478.68482061811653,478.68482061811653,478.68482061811653,478.68482061811653,478.68482061811653
3780,519.6378688223432,519.6378688223432,519.6378688223432,519.6378688223432,519.6378688223432,519.6378688223432,519.6378688223432
3781,556.4138160416516,556.4138160416516,556.4138160416516,556.4138160416516,556.4138160416516,556.4138160416516,556.4138160416516
3782,523.883919811097,523.883919811097,523.883919811097,523.883919811097,523.883919811097,523.883919811097,523.883919811097
3783,518.531532353749,518.531532353749,518.531532353749,518.531532353749,518.531532353749,518.531532353749,518.531532353749
3784,523.4484818974576,523.4484818974576,523.4484818974576,523.4484818974576,523.4484818974576,523.4484818974576,523.4484818974576
3785,557.9690216541265,557.9690216541265,557.9690216541265,557.9690216541265,557.9690216541265,557.9690216541265,557.9690216541265
3786,595.0690412616868,595.0690412616868,595.0690412616868,595.0690412616868,595.0690412616868,595.0690412616868,595.0690412616868
3787,653.6770903675974,653.6770903675974,653.6770903675974,653.6770903675974,653.6770903675974,653.6770903675974,653.6770903675974
3788,700.8684047869635,700.8684047869635,700.8684047869635,700.8684047869635,700.8684047869635,700.8684047869635,700.8684047869635
3789,681.5611619564147,681.5611619564147,681.5611619564147,681.5611619564147,681.5611619564147,681.5611619564147,681.5611619564147
3790,642.7977458402685,642.7977458402685,642.7977458402685,642.7977458402685,642.7977458402685,642.7977458402685,642.7977458402685
3791,562.5944132128528,562.5944132128528,562.5944132128528,562.5944132128528,562.5944132128528,562.5944132128528,562.5944132128528
3792,411.146420368103,411.146420368103,411.146420368103,411.146420368103,411.146420368103,411.146420368103,411.146420368103
3793,269.70193418059995,269.70193418059995,269.70193418059995,269.70193418059995,269.70193418059995,269.70193418059995,269.70193418059995
3794,177.1607220181855,177.1607220181855,177.1607220181855,177.1607220181855,177.1607220181855,177.1607220181855,177.1607220181855
3795,151.70656532514593,151.70656532514593,151.70656532514593,151.70656532514593,151.70656532514593,151.70656532514593,151.70656532514593
3796,173.0747782341397,173.0747782341397,173.0747782341397,173.0747782341397,173.0747782341397,173.0747782341397,173.0747782341397
3797,130.49489504791677,130.49489504791677,130.49489504791677,130.49489504791677,130.49489504791677,130.49489504791677,130.49489504791677
3798,52.843962022057454,52.843962022057454,52.843962022057454,52.843962022057454,52.843962022057454,52.843962022057454,52.843962022057454
3799,31.4487880475115,31.4487880475115,31.4487880475115,31.4487880475115,31.4487880475115,31.4487880475115,31.4487880475115
3800,298.16344041221595,298.16344041221595,298.16344041221595,298.16344041221595,298.16344041221595,298.16344041221595,298.16344041221595
3801,405.325754182975,405.325754182975,405.325754182975,405.325754182975,405.325754182975,405.325754182975,405.325754182975
3802,525.2728508148018,525.2728508148018,525.2728508148018,525.2728508148018,525.2728508148018,525.2728508148018,525.2728508148018
3803,487.477466249341,487.477466249341,487.477466249341,487.477466249341,487.477466249341,487.477466249341,487.477466249341
3804,523.6633134208361,523.6633134208361,523.6633134208361,523.6633134208361,523.6633134208361,523.6633134208361,523.6633134208361
3805,554.05224507173,554.05224507173,554.05224507173,554.05224507173,554.05224507173,554.05224507173,554.05224507173
3806,502.98617903425406,502.98617903425406,502.98617903425406,502.98617903425406,502.98617903425406,502.98617903425406,502.98617903425406
3807,458.0850622088519,458.0850622088519,458.0850622088519,458.0850622088519,458.0850622088519,458.0850622088519,458.0850622088519
3808,438.41182121349414,438.41182121349414,438.41182121349414,438.41182121349414,438.41182121349414,438.41182121349414,438.41182121349414
3809,307.7400854742648,307.7400854742648,307.7400854742648,307.7400854742648,307.7400854742648,307.7400854742648,307.7400854742648
3810,297.7071070814256,297.7071070814256,297.7071070814256,297.7071070814256,297.7071070814256,297.7071070814256,297.7071070814256
3811,237.6411773465491,237.6411773465491,237.6411773465491,237.6411773465491,237.6411773465491,237.6411773465491,237.6411773465491
3812,181.44555015473753,181.44555015473753,181.44555015473753,181.44555015473753,181.44555015473753,181.44555015473753,181.44555015473753
3813,120.91697871210552,120.91697871210552,120.91697871210552,120.91697871210552,120.91697871210552,120.91697871210552,120.91697871210552
3814,90.23039748608653,90.23039748608653,90.23039748608653,90.23039748608653,90.23039748608653,90.23039748608653,90.23039748608653
3815,54.13976567886577,54.13976567886577,54.13976567886577,54.13976567886577,54.13976567886577,54.13976567886577,54.13976567886577
3816,11.322550522257167,11.322550522257167,11.322550522257167,11.322550522257167,11.322550522257167,11.322550522257167,11.322550522257167
3817,2.591726172542807,2.591726172542807,2.591726172542807,2.591726172542807,2.591726172542807,2.591726172542807,2.591726172542807
3818,2.591726172542807,2.591726172542807,2.591726172542807,2.591726172542807,2.591726172542807,2.591726172542807,2.591726172542807
3819,2.591726172542807,2.591726172542807,2.591726172542807,2.591726172542807,2.591726172542807,2.591726172542807,2.591726172542807
3820,2.591726172542807,2.591726172542807,2.591726172542807,2.591726172542807,2.591726172542807,2.591726172542807,2.591726172542807
3821,2.591726172542807,2.591726172542807,2.591726172542807,2.591726172542807,2.591726172542807,2.591726172542807,2.591726172542807
3822,2.591726172542807,2.591726172542807,2.591726172542807,2.591726172542807,2.591726172542807,2.591726172542807,2.591726172542807
3823,2.591726172542807,2.591726172542807,2.591726172542807,2.591726172542807,2.591726172542807,2.591726172542807,2.591726172542807
3824,2.591726172542807,2.591726172542807,2.591726172542807,2.591726172542807,2.591726172542807,2.591726172542807,2.591726172542807
3825,2.591726172542807,2.591726172542807,2.591726172542807,2.591726172542807,2.591726172542807,2.591726172542807,2.591726172542807
3826,2.591726172542807,2.591726172542807,2.591726172542807,2.591726172542807,2.591726172542807,2.591726172542807,2.591726172542807
3827,2.591726172542807,2.591726172542807,2.591726172542807,2.591726172542807,2.591726172542807,2.591726172542807,2.591726172542807
3828,2.591726172542807,2.591726172542807,2.591726172542807,2.591726172542807,2.591726172542807,2.591726172542807,2.591726172542807
3829,2.591726172542807,2.591726172542807,2.591726172542807,2.591726172542807,2.591726172542807,2.591726172542807,2.591726172542807
3830,2.591726172542807,2.591726172542807,2.591726172542807,2.591726172542807,2.591726172542807,2.591726172542807,2.591726172542807
3831,2.591726172542807,2.591726172542807,2.591726172542807,2.591726172542807,2.591726172542807,2.591726172542807,2.591726172542807
3832,2.591726172542807,2.591726172542807,2.591726172542807,2.591726172542807,2.591726172542807,2.591726172542807,2.591726172542807
3833,2.591726172542807,2.591726172542807,2.591726172542807,2.591726172542807,2.591726172542807,2.591726172542807,2.591726172542807
3834,2.591726172542807,2.591726172542807,2.591726172542807,2.591726172542807,2.591726172542807,2.591726172542807,2.591726172542807
3835,2.591726172542807,2.591726172542807,2.591726172542807,2.591726172542807,2.591726172542807,2.591726172542807,2.591726172542807
3836,2.591726172542807,2.591726172542807,2.591726172542807,2.591726172542807,2.591726172542807,2.591726172542807,2.591726172542807
3837,2.591726172542807,2.591726172542807,2.591726172542807,2.591726172542807,2.591726172542807,2.591726172542807,2.591726172542807
3838,2.591726172542807,2.591726172542807,2.591726172542807,2.591726172542807,2.591726172542807,2.591726172542807,2.591726172542807
3839,2.591726172542807,2.591726172542807,2.591726172542807,2.591726172542807,2.591726172542807,2.591726172542807,2.591726172542807
3840,2.591726172542807,2.591726172542807,2.591726172542807,2.591726172542807,2.591726172542807,2.591726172542807,2.591726172542807
3841,2.591726172542807,2.591726172542807,2.591726172542807,2.591726172542807,2.591726172542807,2.591726172542807,2.591726172542807
3842,2.591726172542807,2.591726172542807,2.591726172542807,2.591726172542807,2.591726172542807,2.591726172542807,2.591726172542807
3843,2.591726172542807,2.591726172542807,2.591726172542807,2.591726172542807,2.591726172542807,2.591726172542807,2.591726172542807
3844,2.591726172542807,2.591726172542807,2.591726172542807,2.591726172542807,2.591726172542807,2.591726172542807,2.591726172542807
3845,2.591726172542807,2.591726172542807,2.591726172542807,2.591726172542807,2.591726172542807,2.591726172542807,2.591726172542807
3846,2.591726172542807,2.591726172542807,2.591726172542807,2.591726172542807,2.591726172542807,2.591726172542807,2.591726172542807
3847,2.591726172542807,2.591726172542807,2.591726172542807,2.591726172542807,2.591726172542807,2.591726172542807,2.591726172542807
3848,2.591726172542807,2.591726172542807,2.591726172542807,2.591726172542807,2.591726172542807,2.591726172542807,2.591726172542807
3849,2.591726172542807,2.591726172542807,2.591726172542807,2.591726172542807,2.591726172542807,2.591726172542807,2.591726172542807
3850,2.591726172542807,2.591726172542807,2.591726172542807,2.591726172542807,2.591726172542807,2.591726172542807,2.591726172542807
3851,2.591726172542807,2.591726172542807,2.591726172542807,2.591726172542807,2.591726172542807,2.591726172542807,2.591726172542807
3852,2.591726172542807,2.591726172542807,2.591726172542807,2.591726172542807,2.591726172542807,2.591726172542807,2.591726172542807
3853,2.591726172542807,2.591726172542807,2.591726172542807,2.591726172542807,2.591726172542807,2.591726172542807,2.591726172542807
3854,2.591726172542807,2.591726172542807,2.591726172542807,2.591726172542807,2.591726172542807,2.591726172542807,2.591726172542807
3855,2.591726172542807,2.591726172542807,2.591726172542807,2.591726172542807,2.591726172542807,2.591726172542807,2.591726172542807
3856,2.591726172542807,2.591726172542807,2.591726172542807,2.591726172542807,2.591726172542807,2.591726172542807,2.591726172542807
3857,2.591726172542807,2.591726172542807,2.591726172542807,2.591726172542807,2.591726172542807,2.591726172542807,2.591726172542807
3858,2.591726172542807,2.591726172542807,2.591726172542807,2.591726172542807,2.591726172542807,2.591726172542807,2.591726172542807
3859,2.591726172542807,2.591726172542807,2.591726172542807,2.591726172542807,2.591726172542807,2.591726172542807,2.591726172542807
3860,2.591726172542807,2.591726172542807,2.591726172542807,2.591726172542807,2.591726172542807,2.591726172542807,2.591726172542807
3861,2.591726172542807,2.591726172542807,2.591726172542807,2.591726172542807,2.591726172542807,2.591726172542807,2.591726172542807
3862,2.591726172542807,2.591726172542807,2.591726172542807,2.591726172542807,2.591726172542807,2.591726172542807,2.591726172542807
3863,2.591726172542807,2.591726172542807,2.591726172542807,2.591726172542807,2.591726172542807,2.591726172542807,2.591726172542807
3864,2.591726172542807,2.591726172542807,2.591726172542807,2.591726172542807,2.591726172542807,2.591726172542807,2.591726172542807
3865,2.591726172542807,2.591726172542807,2.591726172542807,2.591726172542807,2.591726172542807,2.591726172542807,2.591726172542807
3866,2.591726172542807,2.591726172542807,2.591726172542807,2.591726172542807,2.591726172542807,2.591726172542807,2.591726172542807
3867,2.591726172542807,2.591726172542807,2.591726172542807,2.591726172542807,2.591726172542807,2.591726172542807,2.591726172542807
3868,2.591726172542807,2.591726172542807,2.591726172542807,2.591726172542807,2.591726172542807,2.591726172542807,2.591726172542807
3869,2.591726172542807,2.591726172542807,2.591726172542807,2.591726172542807,2.591726172542807,2.591726172542807,2.591726172542807
3870,2.591726172542807,2.591726172542807,2.591726172542807,2.591726172542807,2.591726172542807,2.591726172542807,2.591726172542807
3871,2.591726172542807,2.591726172542807,2.591726172542807,2.591726172542807,2.591726172542807,2.591726172542807,2.591726172542807
3872,2.591726172542807,2.591726172542807,2.591726172542807,2.591726172542807,2.591726172542807,2.591726172542807,2.591726172542807
3873,2.591726172542807,2.591726172542807,2.591726172542807,2.591726172542807,2.591726172542807,2.591726172542807,2.591726172542807
3874,2.591726172542807,2.591726172542807,2.591726172542807,2.591726172542807,2.591726172542807,2.591726172542807,2.591726172542807
3875,2.591726172542807,2.591726172542807,2.591726172542807,2.591726172542807,2.591726172542807,2.591726172542807,2.591726172542807
3876,2.591726172542807,2.591726172542807,2.591726172542807,2.591726172542807,2.591726172542807,2.591726172542807,2.591726172542807
3877,2.591726172542807,2.591726172542807,2.591726172542807,2.591726172542807,2.591726172542807,2.591726172542807,2.591726172542807
3878,2.591726172542807,2.591726172542807,2.591726172542807,2.591726172542807,2.591726172542807,2.591726172542807,2.591726172542807
3879,2.591726172542807,2.591726172542807,2.591726172542807,2.591726172542807,2.591726172542807,2.591726172542807,2.591726172542807
3880,2.591726172542807,2.591726172542807,2.591726172542807,2.591726172542807,2.591726172542807,2.591726172542807,2.591726172542807
3881,2.591726172542807,2.591726172542807,2.591726172542807,2.591726172542807,2.591726172542807,2.591726172542807,2.591726172542807
3882,2.591726172542807,2.591726172542807,2.591726172542807,2.591726172542807,2.591726172542807,2.591726172542807,2.591726172542807
3883,2.591726172542807,2.591726172542807,2.591726172542807,2.591726172542807,2.591726172542807,2.591726172542807,2.591726172542807
3884,2.591726172542807,2.591726172542807,2.591726172542807,2.591726172542807,2.591726172542807,2.591726172542807,2.591726172542807
3885,2.591726172542807,2.591726172542807,2.591726172542807,2.591726172542807,2.591726172542807,2.591726172542807,2.591726172542807
3886,2.591726172542807,2.591726172542807,2.591726172542807,2.591726172542807,2.591726172542807,2.591726172542807,2.591726172542807
3887,2.591726172542807,2.591726172542807,2.591726172542807,2.591726172542807,2.591726172542807,2.591726172542807,2.591726172542807
3888,2.591726172542807,2.591726172542807,2.591726172542807,2.591726172542807,2.591726172542807,2.591726172542807,2.591726172542807
3889,2.591726172542807,2.591726172542807,2.591726172542807,2.591726172542807,2.591726172542807,2.591726172542807,2.591726172542807
3890,2.591726172542807,2.591726172542807,2.591726172542807,2.591726172542807,2.591726172542807,2.591726172542807,2.591726172542807
3891,2.591726172542807,2.591726172542807,2.591726172542807,2.591726172542807,2.591726172542807,2.591726172542807,2.591726172542807
3892,2.591726172542807,2.591726172542807,2.591726172542807,2.591726172542807,2.591726172542807,2.591726172542807,2.591726172542807
3893,2.591726172542807,2.591726172542807,2.591726172542807,2.591726172542807,2.591726172542807,2.591726172542807,2.591726172542807
3894,2.591726172542807,2.591726172542807,2.591726172542807,2.591726172542807,2.591726172542807,2.591726172542807,2.591726172542807
3895,8.639087241809358,8.639087241809358,8.639087241809358,8.639087241809358,8.639087241809358,8.639087241809358,8.639087241809358
3896,8.639087241809358,8.639087241809358,8.639087241809358,8.639087241809358,8.639087241809358,8.639087241809358,8.639087241809358
3897,8.639087241809358,8.639087241809358,8.639087241809358,8.639087241809358,8.639087241809358,8.639087241809358,8.639087241809358
3898,8.639087241809358,8.639087241809358,8.639087241809358,8.639087241809358,8.639087241809358,8.639087241809358,8.639087241809358
3899,8.639087241809358,8.639087241809358,8.639087241809358,8.639087241809358,8.639087241809358,8.639087241809358,8.639087241809358
3900,8.639087241809358,8.639087241809358,8.639087241809358,8.639087241809358,8.639087241809358,8.639087241809358,8.639087241809358
3901,8.639087241809358,8.639087241809358,8.639087241809358,8.639087241809358,8.639087241809358,8.639087241809358,8.639087241809358
3902,8.639087241809358,8.639087241809358,8.639087241809358,8.639087241809358,8.639087241809358,8.639087241809358,8.639087241809358
3903,8.639087241809358,8.639087241809358,8.639087241809358,8.639087241809358,8.639087241809358,8.639087241809358,8.639087241809358
3904,8.639087241809358,8.639087241809358,8.639087241809358,8.639087241809358,8.639087241809358,8.639087241809358,8.639087241809358
3905,8.639087241809358,8.639087241809358,8.639087241809358,8.639087241809358,8.639087241809358,8.639087241809358,8.639087241809358
3906,8.639087241809358,8.639087241809358,8.639087241809358,8.639087241809358,8.639087241809358,8.639087241809358,8.639087241809358
3907,8.639087241809358,8.639087241809358,8.639087241809358,8.639087241809358,8.639087241809358,8.639087241809358,8.639087241809358
3908,8.639087241809358,8.639087241809358,8.639087241809358,8.639087241809358,8.639087241809358,8.639087241809358,8.639087241809358
3909,8.639087241809358,8.639087241809358,8.639087241809358,8.639087241809358,8.639087241809358,8.639087241809358,8.639087241809358
3910,8.639087241809358,8.639087241809358,8.639087241809358,8.639087241809358,8.639087241809358,8.639087241809358,8.639087241809358
3911,8.639087241809358,8.639087241809358,8.639087241809358,8.639087241809358,8.639087241809358,8.639087241809358,8.639087241809358
3912,8.639087241809358,8.639087241809358,8.639087241809358,8.639087241809358,8.639087241809358,8.639087241809358,8.639087241809358
3913,8.639087241809358,8.639087241809358,8.639087241809358,8.639087241809358,8.639087241809358,8.639087241809358,8.639087241809358
3914,8.639087241809358,8.639087241809358,8.639087241809358,8.639087241809358,8.639087241809358,8.639087241809358,8.639087241809358
3915,8.639087241809358,8.639087241809358,8.639087241809358,8.639087241809358,8.639087241809358,8.639087241809358,8.639087241809358
3916,8.639087241809358,8.639087241809358,8.639087241809358,8.639087241809358,8.639087241809358,8.639087241809358,8.639087241809358
3917,8.639087241809358,8.639087241809358,8.639087241809358,8.639087241809358,8.639087241809358,8.639087241809358,8.639087241809358
3918,8.639087241809358,8.639087241809358,8.639087241809358,8.639087241809358,8.639087241809358,8.639087241809358,8.639087241809358
3919,8.639087241809358,8.639087241809358,8.639087241809358,8.639087241809358,8.639087241809358,8.639087241809358,8.639087241809358
3920,8.639087241809358,8.639087241809358,8.639087241809358,8.639087241809358,8.639087241809358,8.639087241809358,8.639087241809358
3921,8.639087241809358,8.639087241809358,8.639087241809358,8.639087241809358,8.639087241809358,8.639087241809358,8.639087241809358
3922,8.639087241809358,8.639087241809358,8.639087241809358,8.639087241809358,8.639087241809358,8.639087241809358,8.639087241809358
3923,8.639087241809358,8.639087241809358,8.639087241809358,8.639087241809358,8.639087241809358,8.639087241809358,8.639087241809358
3924,8.639087241809358,8.639087241809358,8.639087241809358,8.639087241809358,8.639087241809358,8.639087241809358,8.639087241809358
3925,8.639087241809358,8.639087241809358,8.639087241809358,8.639087241809358,8.639087241809358,8.639087241809358,8.639087241809358
3926,8.639087241809358,8.639087241809358,8.639087241809358,8.639087241809358,8.639087241809358,8.639087241809358,8.639087241809358
3927,8.639087241809358,8.639087241809358,8.639087241809358,8.639087241809358,8.639087241809358,8.639087241809358,8.639087241809358
3928,8.639087241809358,8.639087241809358,8.639087241809358,8.639087241809358,8.639087241809358,8.639087241809358,8.639087241809358
3929,8.639087241809358,8.639087241809358,8.639087241809358,8.639087241809358,8.639087241809358,8.639087241809358,8.639087241809358
3930,8.639087241809358,8.639087241809358,8.639087241809358,8.639087241809358,8.639087241809358,8.639087241809358,8.639087241809358
3931,8.639087241809358,8.639087241809358,8.639087241809358,8.639087241809358,8.639087241809358,8.639087241809358,8.639087241809358
3932,8.639087241809358,8.639087241809358,8.639087241809358,8.639087241809358,8.639087241809358,8.639087241809358,8.639087241809358
3933,8.639087241809358,8.639087241809358,8.639087241809358,8.639087241809358,8.639087241809358,8.639087241809358,8.639087241809358
3934,8.639087241809358,8.639087241809358,8.639087241809358,8.639087241809358,8.639087241809358,8.639087241809358,8.639087241809358
3935,8.639087241809358,8.639087241809358,8.639087241809358,8.639087241809358,8.639087241809358,8.639087241809358,8.639087241809358
3936,8.639087241809358,8.639087241809358,8.639087241809358,8.639087241809358,8.639087241809358,8.639087241809358,8.639087241809358
3937,8.639087241809358,8.639087241809358,8.639087241809358,8.639087241809358,8.639087241809358,8.639087241809358,8.639087241809358
3938,8.639087241809358,8.639087241809358,8.639087241809358,8.639087241809358,8.639087241809358,8.639087241809358,8.639087241809358
3939,8.639087241809358,8.639087241809358,8.639087241809358,8.639087241809358,8.639087241809358,8.639087241809358,8.639087241809358
3940,8.639087241809358,8.639087241809358,8.639087241809358,8.639087241809358,8.639087241809358,8.639087241809358,8.639087241809358
3941,8.639087241809358,8.639087241809358,8.639087241809358,8.639087241809358,8.639087241809358,8.639087241809358,8.639087241809358
3942,8.639087241809358,8.639087241809358,8.639087241809358,8.639087241809358,8.639087241809358,8.639087241809358,8.639087241809358
3943,8.639087241809358,8.639087241809358,8.639087241809358,8.639087241809358,8.639087241809358,8.639087241809358,8.639087241809358
3944,8.639087241809358,8.639087241809358,8.639087241809358,8.639087241809358,8.639087241809358,8.639087241809358,8.639087241809358
3945,8.639087241809358,8.639087241809358,8.639087241809358,8.639087241809358,8.639087241809358,8.639087241809358,8.639087241809358
3946,8.639087241809358,8.639087241809358,8.639087241809358,8.639087241809358,8.639087241809358,8.639087241809358,8.639087241809358
3947,8.639087241809358,8.639087241809358,8.639087241809358,8.639087241809358,8.639087241809358,8.639087241809358,8.639087241809358
3948,8.639087241809358,8.639087241809358,8.639087241809358,8.639087241809358,8.639087241809358,8.639087241809358,8.639087241809358
3949,8.639087241809358,8.639087241809358,8.639087241809358,8.639087241809358,8.639087241809358,8.639087241809358,8.639087241809358
3950,8.639087241809358,8.639087241809358,8.639087241809358,8.639087241809358,8.639087241809358,8.639087241809358,8.639087241809358
3951,8.639087241809358,8.639087241809358,8.639087241809358,8.639087241809358,8.639087241809358,8.639087241809358,8.639087241809358
3952,8.639087241809358,8.639087241809358,8.639087241809358,8.639087241809358,8.639087241809358,8.639087241809358,8.639087241809358
3953,8.639087241809358,8.639087241809358,8.639087241809358,8.639087241809358,8.639087241809358,8.639087241809358,8.639087241809358
3954,8.639087241809358,8.639087241809358,8.639087241809358,8.639087241809358,8.639087241809358,8.639087241809358,8.639087241809358
3955,8.639087241809358,8.639087241809358,8.639087241809358,8.639087241809358,8.639087241809358,8.639087241809358,8.639087241809358
3956,8.639087241809358,8.639087241809358,8.639087241809358,8.639087241809358,8.639087241809358,8.639087241809358,8.639087241809358
3957,8.639087241809358,8.639087241809358,8.639087241809358,8.639087241809358,8.639087241809358,8.639087241809358,8.639087241809358
3958,8.639087241809358,8.639087241809358,8.639087241809358,8.639087241809358,8.639087241809358,8.639087241809358,8.639087241809358
3959,8.639087241809358,8.639087241809358,8.639087241809358,8.639087241809358,8.639087241809358,8.639087241809358,8.639087241809358
3960,8.639087241809358,8.639087241809358,8.639087241809358,8.639087241809358,8.639087241809358,8.639087241809358,8.639087241809358
3961,8.639087241809358,8.639087241809358,8.639087241809358,8.639087241809358,8.639087241809358,8.639087241809358,8.639087241809358
3962,8.639087241809358,8.639087241809358,8.639087241809358,8.639087241809358,8.639087241809358,8.639087241809358,8.639087241809358
3963,8.639087241809358,8.639087241809358,8.639087241809358,8.639087241809358,8.639087241809358,8.639087241809358,8.639087241809358
3964,8.639087241809358,8.639087241809358,8.639087241809358,8.639087241809358,8.639087241809358,8.639087241809358,8.639087241809358
3965,8.639087241809358,8.639087241809358,8.639087241809358,8.639087241809358,8.639087241809358,8.639087241809358,8.639087241809358
3966,8.639087241809358,8.639087241809358,8.639087241809358,8.639087241809358,8.639087241809358,8.639087241809358,8.639087241809358
3967,8.639087241809358,8.639087241809358,8.639087241809358,8.639087241809358,8.639087241809358,8.639087241809358,8.639087241809358
3968,8.639087241809358,8.639087241809358,8.639087241809358,8.639087241809358,8.639087241809358,8.639087241809358,8.639087241809358
3969,8.639087241809358,8.639087241809358,8.639087241809358,8.639087241809358,8.639087241809358,8.639087241809358,8.639087241809358
3970,8.639087241809358,8.639087241809358,8.639087241809358,8.639087241809358,8.639087241809358,8.639087241809358,8.639087241809358
3971,8.639087241809358,8.639087241809358,8.639087241809358,8.639087241809358,8.639087241809358,8.639087241809358,8.639087241809358
3972,8.639087241809358,8.639087241809358,8.639087241809358,8.639087241809358,8.639087241809358,8.639087241809358,8.639087241809358
3973,8.639087241809358,8.639087241809358,8.639087241809358,8.639087241809358,8.639087241809358,8.639087241809358,8.639087241809358
3974,8.639087241809358,8.639087241809358,8.639087241809358,8.639087241809358,8.639087241809358,8.639087241809358,8.639087241809358
3975,8.639087241809358,8.639087241809358,8.639087241809358,8.639087241809358,8.639087241809358,8.639087241809358,8.639087241809358
3976,8.639087241809358,8.639087241809358,8.639087241809358,8.639087241809358,8.639087241809358,8.639087241809358,8.639087241809358
3977,8.639087241809358,8.639087241809358,8.639087241809358,8.639087241809358,8.639087241809358,8.639087241809358,8.639087241809358
3978,8.639087241809358,8.639087241809358,8.639087241809358,8.639087241809358,8.639087241809358,8.639087241809358,8.639087241809358
3979,8.639087241809358,8.639087241809358,8.639087241809358,8.639087241809358,8.639087241809358,8.639087241809358,8.639087241809358
3980,8.639087241809358,8.639087241809358,8.639087241809358,8.639087241809358,8.639087241809358,8.639087241809358,8.639087241809358
3981,8.639087241809358,8.639087241809358,8.639087241809358,8.639087241809358,8.639087241809358,8.639087241809358,8.639087241809358
3982,8.639087241809358,8.639087241809358,8.639087241809358,8.639087241809358,8.639087241809358,8.639087241809358,8.639087241809358
3983,8.639087241809358,8.639087241809358,8.639087241809358,8.639087241809358,8.639087241809358,8.639087241809358,8.639087241809358
3984,8.639087241809358,8.639087241809358,8.639087241809358,8.639087241809358,8.639087241809358,8.639087241809358,8.639087241809358
3985,8.639087241809358,8.639087241809358,8.639087241809358,8.639087241809358,8.639087241809358,8.639087241809358,8.639087241809358
3986,8.639087241809358,8.639087241809358,8.639087241809358,8.639087241809358,8.639087241809358,8.639087241809358,8.639087241809358
3987,8.639087241809358,8.639087241809358,8.639087241809358,8.639087241809358,8.639087241809358,8.639087241809358,8.639087241809358
3988,8.639087241809358,8.639087241809358,8.639087241809358,8.639087241809358,8.639087241809358,8.639087241809358,8.639087241809358
3989,8.639087241809358,8.639087241809358,8.639087241809358,8.639087241809358,8.639087241809358,8.639087241809358,8.639087241809358
3990,8.639087241809358,8.639087241809358,8.639087241809358,8.639087241809358,8.639087241809358,8.639087241809358,8.639087241809358
3991,8.639087241809358,8.639087241809358,8.639087241809358,8.639087241809358,8.639087241809358,8.639087241809358,8.639087241809358
3992,9.002009142968575,9.002009142968575,9.002009142968575,9.002009142968575,9.002009142968575,9.002009142968575,9.002009142968575
3993,14.60797538958089,14.60797538958089,14.60797538958089,14.60797538958089,14.60797538958089,14.60797538958089,14.60797538958089
3994,23.537802124831835,23.537802124831835,23.537802124831835,23.537802124831835,23.537802124831835,23.537802124831835,23.537802124831835
3995,41.209083283318755,41.209083283318755,41.209083283318755,41.209083283318755,41.209083283318755,41.209083283318755,41.209083283318755
3996,125.81216468289779,125.81216468289779,125.81216468289779,125.81216468289779,125.81216468289779,125.81216468289779,125.81216468289779
3997,151.85434884479864,151.85434884479864,151.85434884479864,151.85434884479864,151.85434884479864,151.85434884479864,151.85434884479864
3998,156.5493908725717,156.5493908725717,156.5493908725717,156.5493908725717,156.5493908725717,156.5493908725717,156.5493908725717
3999,150.84480671433417,150.84480671433417,150.84480671433417,150.84480671433417,150.84480671433417,150.84480671433417,150.84480671433417
4000,142.44120507885037,142.44120507885037,142.44120507885037,142.44120507885037,142.44120507885037,142.44120507885037,142.44120507885037
4001,132.20855345914993,132.20855345914993,132.20855345914993,132.20855345914993,132.20855345914993,132.20855345914993,132.20855345914993
4002,121.58536136392831,121.58536136392831,121.58536136392831,121.58536136392831,121.58536136392831,121.58536136392831,121.58536136392831
4003,113.58760133723983,113.58760133723983,113.58760133723983,113.58760133723983,113.58760133723983,113.58760133723983,113.58760133723983
4004,105.18528813588013,105.18528813588013,105.18528813588013,105.18528813588013,105.18528813588013,105.18528813588013,105.18528813588013
4005,97.61088180837339,97.61088180837339,97.61088180837339,97.61088180837339,97.61088180837339,97.61088180837339,97.61088180837339
4006,93.2188465315356,93.2188465315356,93.2188465315356,93.2188465315356,93.2188465315356,93.2188465315356,93.2188465315356
4007,99.35596474724278,99.35596474724278,99.35596474724278,99.35596474724278,99.35596474724278,99.35596474724278,99.35596474724278
4008,99.03199755788532,99.03199755788532,99.03199755788532,99.03199755788532,99.03199755788532,99.03199755788532,99.03199755788532
4009,94.03070159093126,94.03070159093126,94.03070159093126,94.03070159093126,94.03070159093126,94.03070159093126,94.03070159093126
4010,90.34177693790656,90.34177693790656,90.34177693790656,90.34177693790656,90.34177693790656,90.34177693790656,90.34177693790656
4011,86.12318989651693,86.12318989651693,86.12318989651693,86.12318989651693,86.12318989651693,86.12318989651693,86.12318989651693
4012,101.37952357049646,101.37952357049646,101.37952357049646,101.37952357049646,101.37952357049646,101.37952357049646,101.37952357049646
4013,75.14778288516594,75.14778288516594,75.14778288516594,75.14778288516594,75.14778288516594,75.14778288516594,75.14778288516594
4014,45.71570941725072,45.71570941725072,45.71570941725072,45.71570941725072,45.71570941725072,45.71570941725072,45.71570941725072
4015,25.063475334610146,25.063475334610146,25.063475334610146,25.063475334610146,25.063475334610146,25.063475334610146,25.063475334610146
4016,35.01992785645795,35.01992785645795,35.01992785645795,35.01992785645795,35.01992785645795,35.01992785645795,35.01992785645795
4017,43.182585409613445,43.182585409613445,43.182585409613445,43.182585409613445,43.182585409613445,43.182585409613445,43.182585409613445
4018,9.097317649408243,9.097317649408243,9.097317649408243,9.097317649408243,9.097317649408243,9.097317649408243,9.097317649408243
4019,2.591726172542807,2.591726172542807,2.591726172542807,2.591726172542807,2.591726172542807,2.591726172542807,2.591726172542807
4020,2.591726172542807,2.591726172542807,2.591726172542807,2.591726172542807,2.591726172542807,2.591726172542807,2.591726172542807
4021,2.591726172542807,2.591726172542807,2.591726172542807,2.591726172542807,2.591726172542807,2.591726172542807,2.591726172542807
4022,2.591726172542807,2.591726172542807,2.591726172542807,2.591726172542807,2.591726172542807,2.591726172542807,2.591726172542807
4023,2.591726172542807,2.591726172542807,2.591726172542807,2.591726172542807,2.591726172542807,2.591726172542807,2.591726172542807
4024,2.591726172542807,2.591726172542807,2.591726172542807,2.591726172542807,2.591726172542807,2.591726172542807,2.591726172542807
4025,2.591726172542807,2.591726172542807,2.591726172542807,2.591726172542807,2.591726172542807,2.591726172542807,2.591726172542807
4026,2.591726172542807,2.591726172542807,2.591726172542807,2.591726172542807,2.591726172542807,2.591726172542807,2.591726172542807
4027,2.591726172542807,2.591726172542807,2.591726172542807,2.591726172542807,2.591726172542807,2.591726172542807,2.591726172542807
4028,2.591726172542807,2.591726172542807,2.591726172542807,2.591726172542807,2.591726172542807,2.591726172542807,2.591726172542807
4029,2.591726172542807,2.591726172542807,2.591726172542807,2.591726172542807,2.591726172542807,2.591726172542807,2.591726172542807
4030,2.591726172542807,2.591726172542807,2.591726172542807,2.591726172542807,2.591726172542807,2.591726172542807,2.591726172542807
4031,2.591726172542807,2.591726172542807,2.591726172542807,2.591726172542807,2.591726172542807,2.591726172542807,2.591726172542807
4032,2.591726172542807,2.591726172542807,2.591726172542807,2.591726172542807,2.591726172542807,2.591726172542807,2.591726172542807
4033,2.591726172542807,2.591726172542807,2.591726172542807,2.591726172542807,2.591726172542807,2.591726172542807,2.591726172542807
4034,2.591726172542807,2.591726172542807,2.591726172542807,2.591726172542807,2.591726172542807,2.591726172542807,2.591726172542807
4035,2.591726172542807,2.591726172542807,2.591726172542807,2.591726172542807,2.591726172542807,2.591726172542807,2.591726172542807
4036,14.082800893984484,14.082800893984484,14.082800893984484,14.082800893984484,14.082800893984484,14.082800893984484,14.082800893984484
4037,23.299107465418338,23.299107465418338,23.299107465418338,23.299107465418338,23.299107465418338,23.299107465418338,23.299107465418338
4038,32.47236815140715,32.47236815140715,32.47236815140715,32.47236815140715,32.47236815140715,32.47236815140715,32.47236815140715
4039,39.79879456413945,39.79879456413945,39.79879456413945,39.79879456413945,39.79879456413945,39.79879456413945,39.79879456413945
4040,44.72381286868762,44.72381286868762,44.72381286868762,44.72381286868762,44.72381286868762,44.72381286868762,44.72381286868762
4041,49.61888164097427,49.61888164097427,49.61888164097427,49.61888164097427,49.61888164097427,49.61888164097427,49.61888164097427
4042,53.89956389114904,53.89956389114904,53.89956389114904,53.89956389114904,53.89956389114904,53.89956389114904,53.89956389114904
4043,56.938706964705084,56.938706964705084,56.938706964705084,56.938706964705084,56.938706964705084,56.938706964705084,56.938706964705084
4044,60.401323323176456,60.401323323176456,60.401323323176456,60.401323323176456,60.401323323176456,60.401323323176456,60.401323323176456
4045,62.54122795635858,62.54122795635858,62.54122795635858,62.54122795635858,62.54122795635858,62.54122795635858,62.54122795635858
4046,62.49416552725922,62.49416552725922,62.49416552725922,62.49416552725922,62.49416552725922,62.49416552725922,62.49416552725922
4047,62.821266834691826,62.821266834691826,62.821266834691826,62.821266834691826,62.821266834691826,62.821266834691826,62.821266834691826
4048,2.591726172542807,2.591726172542807,2.591726172542807,2.591726172542807,2.591726172542807,2.591726172542807,2.591726172542807
4049,2.591726172542807,2.591726172542807,2.591726172542807,2.591726172542807,2.591726172542807,2.591726172542807,2.591726172542807
4050,2.591726172542807,2.591726172542807,2.591726172542807,2.591726172542807,2.591726172542807,2.591726172542807,2.591726172542807
4051,2.591726172542807,2.591726172542807,2.591726172542807,2.591726172542807,2.591726172542807,2.591726172542807,2.591726172542807
4052,2.591726172542807,2.591726172542807,2.591726172542807,2.591726172542807,2.591726172542807,2.591726172542807,2.591726172542807
4053,2.591726172542807,2.591726172542807,2.591726172542807,2.591726172542807,2.591726172542807,2.591726172542807,2.591726172542807
4054,2.591726172542807,2.591726172542807,2.591726172542807,2.591726172542807,2.591726172542807,2.591726172542807,2.591726172542807
4055,2.591726172542807,2.591726172542807,2.591726172542807,2.591726172542807,2.591726172542807,2.591726172542807,2.591726172542807
4056,2.591726172542807,2.591726172542807,2.591726172542807,2.591726172542807,2.591726172542807,2.591726172542807,2.591726172542807
4057,2.591726172542807,2.591726172542807,2.591726172542807,2.591726172542807,2.591726172542807,2.591726172542807,2.591726172542807
4058,2.591726172542807,2.591726172542807,2.591726172542807,2.591726172542807,2.591726172542807,2.591726172542807,2.591726172542807
4059,2.591726172542807,2.591726172542807,2.591726172542807,2.591726172542807,2.591726172542807,2.591726172542807,2.591726172542807
4060,2.591726172542807,2.591726172542807,2.591726172542807,2.591726172542807,2.591726172542807,2.591726172542807,2.591726172542807
4061,2.591726172542807,2.591726172542807,2.591726172542807,2.591726172542807,2.591726172542807,2.591726172542807,2.591726172542807
4062,2.591726172542807,2.591726172542807,2.591726172542807,2.591726172542807,2.591726172542807,2.591726172542807,2.591726172542807
4063,2.591726172542807,2.591726172542807,2.591726172542807,2.591726172542807,2.591726172542807,2.591726172542807,2.591726172542807
4064,2.591726172542807,2.591726172542807,2.591726172542807,2.591726172542807,2.591726172542807,2.591726172542807,2.591726172542807
4065,2.591726172542807,2.591726172542807,2.591726172542807,2.591726172542807,2.591726172542807,2.591726172542807,2.591726172542807
4066,2.591726172542807,2.591726172542807,2.591726172542807,2.591726172542807,2.591726172542807,2.591726172542807,2.591726172542807
4067,2.591726172542807,2.591726172542807,2.591726172542807,2.591726172542807,2.591726172542807,2.591726172542807,2.591726172542807
4068,2.591726172542807,2.591726172542807,2.591726172542807,2.591726172542807,2.591726172542807,2.591726172542807,2.591726172542807
4069,2.591726172542807,2.591726172542807,2.591726172542807,2.591726172542807,2.591726172542807,2.591726172542807,2.591726172542807
4070,2.591726172542807,2.591726172542807,2.591726172542807,2.591726172542807,2.591726172542807,2.591726172542807,2.591726172542807
4071,2.591726172542807,2.591726172542807,2.591726172542807,2.591726172542807,2.591726172542807,2.591726172542807,2.591726172542807
4072,2.591726172542807,2.591726172542807,2.591726172542807,2.591726172542807,2.591726172542807,2.591726172542807,2.591726172542807
4073,2.591726172542807,2.591726172542807,2.591726172542807,2.591726172542807,2.591726172542807,2.591726172542807,2.591726172542807
4074,2.591726172542807,2.591726172542807,2.591726172542807,2.591726172542807,2.591726172542807,2.591726172542807,2.591726172542807
4075,2.591726172542807,2.591726172542807,2.591726172542807,2.591726172542807,2.591726172542807,2.591726172542807,2.591726172542807
4076,2.591726172542807,2.591726172542807,2.591726172542807,2.591726172542807,2.591726172542807,2.591726172542807,2.591726172542807
4077,2.591726172542807,2.591726172542807,2.591726172542807,2.591726172542807,2.591726172542807,2.591726172542807,2.591726172542807
4078,2.591726172542807,2.591726172542807,2.591726172542807,2.591726172542807,2.591726172542807,2.591726172542807,2.591726172542807
4079,2.591726172542807,2.591726172542807,2.591726172542807,2.591726172542807,2.591726172542807,2.591726172542807,2.591726172542807
4080,2.591726172542807,2.591726172542807,2.591726172542807,2.591726172542807,2.591726172542807,2.591726172542807,2.591726172542807
4081,2.591726172542807,2.591726172542807,2.591726172542807,2.591726172542807,2.591726172542807,2.591726172542807,2.591726172542807
4082,2.591726172542807,2.591726172542807,2.591726172542807,2.591726172542807,2.591726172542807,2.591726172542807,2.591726172542807
4083,2.591726172542807,2.591726172542807,2.591726172542807,2.591726172542807,2.591726172542807,2.591726172542807,2.591726172542807
4084,2.591726172542807,2.591726172542807,2.591726172542807,2.591726172542807,2.591726172542807,2.591726172542807,2.591726172542807
4085,2.591726172542807,2.591726172542807,2.591726172542807,2.591726172542807,2.591726172542807,2.591726172542807,2.591726172542807
4086,2.591726172542807,2.591726172542807,2.591726172542807,2.591726172542807,2.591726172542807,2.591726172542807,2.591726172542807
4087,2.591726172542807,2.591726172542807,2.591726172542807,2.591726172542807,2.591726172542807,2.591726172542807,2.591726172542807
4088,2.591726172542807,2.591726172542807,2.591726172542807,2.591726172542807,2.591726172542807,2.591726172542807,2.591726172542807
4089,2.591726172542807,2.591726172542807,2.591726172542807,2.591726172542807,2.591726172542807,2.591726172542807,2.591726172542807
4090,2.591726172542807,2.591726172542807,2.591726172542807,2.591726172542807,2.591726172542807,2.591726172542807,2.591726172542807
4091,2.591726172542807,2.591726172542807,2.591726172542807,2.591726172542807,2.591726172542807,2.591726172542807,2.591726172542807
4092,2.591726172542807,2.591726172542807,2.591726172542807,2.591726172542807,2.591726172542807,2.591726172542807,2.591726172542807
4093,2.591726172542807,2.591726172542807,2.591726172542807,2.591726172542807,2.591726172542807,2.591726172542807,2.591726172542807
4094,2.591726172542807,2.591726172542807,2.591726172542807,2.591726172542807,2.591726172542807,2.591726172542807,2.591726172542807
4095,2.591726172542807,2.591726172542807,2.591726172542807,2.591726172542807,2.591726172542807,2.591726172542807,2.591726172542807
4096,2.591726172542807,2.591726172542807,2.591726172542807,2.591726172542807,2.591726172542807,2.591726172542807,2.591726172542807
4097,2.591726172542807,2.591726172542807,2.591726172542807,2.591726172542807,2.591726172542807,2.591726172542807,2.591726172542807
4098,2.591726172542807,2.591726172542807,2.591726172542807,2.591726172542807,2.591726172542807,2.591726172542807,2.591726172542807
4099,2.591726172542807,2.591726172542807,2.591726172542807,2.591726172542807,2.591726172542807,2.591726172542807,2.591726172542807
4100,2.591726172542807,2.591726172542807,2.591726172542807,2.591726172542807,2.591726172542807,2.591726172542807,2.591726172542807
4101,2.591726172542807,2.591726172542807,2.591726172542807,2.591726172542807,2.591726172542807,2.591726172542807,2.591726172542807
4102,2.591726172542807,2.591726172542807,2.591726172542807,2.591726172542807,2.591726172542807,2.591726172542807,2.591726172542807
4103,2.591726172542807,2.591726172542807,2.591726172542807,2.591726172542807,2.591726172542807,2.591726172542807,2.591726172542807
4104,2.591726172542807,2.591726172542807,2.591726172542807,2.591726172542807,2.591726172542807,2.591726172542807,2.591726172542807
4105,2.591726172542807,2.591726172542807,2.591726172542807,2.591726172542807,2.591726172542807,2.591726172542807,2.591726172542807
4106,2.591726172542807,2.591726172542807,2.591726172542807,2.591726172542807,2.591726172542807,2.591726172542807,2.591726172542807
4107,2.591726172542807,2.591726172542807,2.591726172542807,2.591726172542807,2.591726172542807,2.591726172542807,2.591726172542807
4108,2.591726172542807,2.591726172542807,2.591726172542807,2.591726172542807,2.591726172542807,2.591726172542807,2.591726172542807
4109,2.591726172542807,2.591726172542807,2.591726172542807,2.591726172542807,2.591726172542807,2.591726172542807,2.591726172542807
4110,2.591726172542807,2.591726172542807,2.591726172542807,2.591726172542807,2.591726172542807,2.591726172542807,2.591726172542807
4111,2.591726172542807,2.591726172542807,2.591726172542807,2.591726172542807,2.591726172542807,2.591726172542807,2.591726172542807
4112,2.591726172542807,2.591726172542807,2.591726172542807,2.591726172542807,2.591726172542807,2.591726172542807,2.591726172542807
4113,2.591726172542807,2.591726172542807,2.591726172542807,2.591726172542807,2.591726172542807,2.591726172542807,2.591726172542807
4114,2.591726172542807,2.591726172542807,2.591726172542807,2.591726172542807,2.591726172542807,2.591726172542807,2.591726172542807
4115,2.591726172542807,2.591726172542807,2.591726172542807,2.591726172542807,2.591726172542807,2.591726172542807,2.591726172542807
4116,2.591726172542807,2.591726172542807,2.591726172542807,2.591726172542807,2.591726172542807,2.591726172542807,2.591726172542807
4117,2.591726172542807,2.591726172542807,2.591726172542807,2.591726172542807,2.591726172542807,2.591726172542807,2.591726172542807
4118,2.591726172542807,2.591726172542807,2.591726172542807,2.591726172542807,2.591726172542807,2.591726172542807,2.591726172542807
4119,2.591726172542807,2.591726172542807,2.591726172542807,2.591726172542807,2.591726172542807,2.591726172542807,2.591726172542807
4120,2.591726172542807,2.591726172542807,2.591726172542807,2.591726172542807,2.591726172542807,2.591726172542807,2.591726172542807
4121,2.591726172542807,2.591726172542807,2.591726172542807,2.591726172542807,2.591726172542807,2.591726172542807,2.591726172542807
4122,2.591726172542807,2.591726172542807,2.591726172542807,2.591726172542807,2.591726172542807,2.591726172542807,2.591726172542807
4123,2.591726172542807,2.591726172542807,2.591726172542807,2.591726172542807,2.591726172542807,2.591726172542807,2.591726172542807
4124,2.591726172542807,2.591726172542807,2.591726172542807,2.591726172542807,2.591726172542807,2.591726172542807,2.591726172542807
4125,2.591726172542807,2.591726172542807,2.591726172542807,2.591726172542807,2.591726172542807,2.591726172542807,2.591726172542807
4126,2.591726172542807,2.591726172542807,2.591726172542807,2.591726172542807,2.591726172542807,2.591726172542807,2.591726172542807
4127,2.591726172542807,2.591726172542807,2.591726172542807,2.591726172542807,2.591726172542807,2.591726172542807,2.591726172542807
4128,2.591726172542807,2.591726172542807,2.591726172542807,2.591726172542807,2.591726172542807,2.591726172542807,2.591726172542807
4129,2.591726172542807,2.591726172542807,2.591726172542807,2.591726172542807,2.591726172542807,2.591726172542807,2.591726172542807
4130,2.591726172542807,2.591726172542807,2.591726172542807,2.591726172542807,2.591726172542807,2.591726172542807,2.591726172542807
4131,2.591726172542807,2.591726172542807,2.591726172542807,2.591726172542807,2.591726172542807,2.591726172542807,2.591726172542807
4132,2.591726172542807,2.591726172542807,2.591726172542807,2.591726172542807,2.591726172542807,2.591726172542807,2.591726172542807
4133,2.591726172542807,2.591726172542807,2.591726172542807,2.591726172542807,2.591726172542807,2.591726172542807,2.591726172542807
4134,2.591726172542807,2.591726172542807,2.591726172542807,2.591726172542807,2.591726172542807,2.591726172542807,2.591726172542807
4135,2.591726172542807,2.591726172542807,2.591726172542807,2.591726172542807,2.591726172542807,2.591726172542807,2.591726172542807
4136,2.591726172542807,2.591726172542807,2.591726172542807,2.591726172542807,2.591726172542807,2.591726172542807,2.591726172542807
4137,2.591726172542807,2.591726172542807,2.591726172542807,2.591726172542807,2.591726172542807,2.591726172542807,2.591726172542807
4138,2.591726172542807,2.591726172542807,2.591726172542807,2.591726172542807,2.591726172542807,2.591726172542807,2.591726172542807
4139,2.591726172542807,2.591726172542807,2.591726172542807,2.591726172542807,2.591726172542807,2.591726172542807,2.591726172542807
4140,2.591726172542807,2.591726172542807,2.591726172542807,2.591726172542807,2.591726172542807,2.591726172542807,2.591726172542807
4141,2.591726172542807,2.591726172542807,2.591726172542807,2.591726172542807,2.591726172542807,2.591726172542807,2.591726172542807
4142,2.591726172542807,2.591726172542807,2.591726172542807,2.591726172542807,2.591726172542807,2.591726172542807,2.591726172542807
4143,2.591726172542807,2.591726172542807,2.591726172542807,2.591726172542807,2.591726172542807,2.591726172542807,2.591726172542807
4144,2.591726172542807,2.591726172542807,2.591726172542807,2.591726172542807,2.591726172542807,2.591726172542807,2.591726172542807
4145,2.591726172542807,2.591726172542807,2.591726172542807,2.591726172542807,2.591726172542807,2.591726172542807,2.591726172542807
4146,2.591726172542807,2.591726172542807,2.591726172542807,2.591726172542807,2.591726172542807,2.591726172542807,2.591726172542807
4147,2.591726172542807,2.591726172542807,2.591726172542807,2.591726172542807,2.591726172542807,2.591726172542807,2.591726172542807
4148,2.591726172542807,2.591726172542807,2.591726172542807,2.591726172542807,2.591726172542807,2.591726172542807,2.591726172542807
4149,2.591726172542807,2.591726172542807,2.591726172542807,2.591726172542807,2.591726172542807,2.591726172542807,2.591726172542807
4150,2.591726172542807,2.591726172542807,2.591726172542807,2.591726172542807,2.591726172542807,2.591726172542807,2.591726172542807
4151,2.591726172542807,2.591726172542807,2.591726172542807,2.591726172542807,2.591726172542807,2.591726172542807,2.591726172542807
4152,2.591726172542807,2.591726172542807,2.591726172542807,2.591726172542807,2.591726172542807,2.591726172542807,2.591726172542807
4153,2.591726172542807,2.591726172542807,2.591726172542807,2.591726172542807,2.591726172542807,2.591726172542807,2.591726172542807
4154,2.591726172542807,2.591726172542807,2.591726172542807,2.591726172542807,2.591726172542807,2.591726172542807,2.591726172542807
4155,2.591726172542807,2.591726172542807,2.591726172542807,2.591726172542807,2.591726172542807,2.591726172542807,2.591726172542807
4156,2.591726172542807,2.591726172542807,2.591726172542807,2.591726172542807,2.591726172542807,2.591726172542807,2.591726172542807
4157,2.591726172542807,2.591726172542807,2.591726172542807,2.591726172542807,2.591726172542807,2.591726172542807,2.591726172542807
4158,2.591726172542807,2.591726172542807,2.591726172542807,2.591726172542807,2.591726172542807,2.591726172542807,2.591726172542807
4159,2.591726172542807,2.591726172542807,2.591726172542807,2.591726172542807,2.591726172542807,2.591726172542807,2.591726172542807
4160,2.591726172542807,2.591726172542807,2.591726172542807,2.591726172542807,2.591726172542807,2.591726172542807,2.591726172542807
4161,2.591726172542807,2.591726172542807,2.591726172542807,2.591726172542807,2.591726172542807,2.591726172542807,2.591726172542807
4162,2.591726172542807,2.591726172542807,2.591726172542807,2.591726172542807,2.591726172542807,2.591726172542807,2.591726172542807
4163,2.591726172542807,2.591726172542807,2.591726172542807,2.591726172542807,2.591726172542807,2.591726172542807,2.591726172542807
4164,2.591726172542807,2.591726172542807,2.591726172542807,2.591726172542807,2.591726172542807,2.591726172542807,2.591726172542807
4165,2.591726172542807,2.591726172542807,2.591726172542807,2.591726172542807,2.591726172542807,2.591726172542807,2.591726172542807
4166,2.591726172542807,2.591726172542807,2.591726172542807,2.591726172542807,2.591726172542807,2.591726172542807,2.591726172542807
4167,2.591726172542807,2.591726172542807,2.591726172542807,2.591726172542807,2.591726172542807,2.591726172542807,2.591726172542807
4168,2.591726172542807,2.591726172542807,2.591726172542807,2.591726172542807,2.591726172542807,2.591726172542807,2.591726172542807
4169,2.591726172542807,2.591726172542807,2.591726172542807,2.591726172542807,2.591726172542807,2.591726172542807,2.591726172542807
4170,2.591726172542807,2.591726172542807,2.591726172542807,2.591726172542807,2.591726172542807,2.591726172542807,2.591726172542807
4171,2.591726172542807,2.591726172542807,2.591726172542807,2.591726172542807,2.591726172542807,2.591726172542807,2.591726172542807
4172,2.591726172542807,2.591726172542807,2.591726172542807,2.591726172542807,2.591726172542807,2.591726172542807,2.591726172542807
4173,2.591726172542807,2.591726172542807,2.591726172542807,2.591726172542807,2.591726172542807,2.591726172542807,2.591726172542807
4174,2.591726172542807,2.591726172542807,2.591726172542807,2.591726172542807,2.591726172542807,2.591726172542807,2.591726172542807
4175,2.591726172542807,2.591726172542807,2.591726172542807,2.591726172542807,2.591726172542807,2.591726172542807,2.591726172542807
4176,2.591726172542807,2.591726172542807,2.591726172542807,2.591726172542807,2.591726172542807,2.591726172542807,2.591726172542807
4177,2.591726172542807,2.591726172542807,2.591726172542807,2.591726172542807,2.591726172542807,2.591726172542807,2.591726172542807
4178,2.591726172542807,2.591726172542807,2.591726172542807,2.591726172542807,2.591726172542807,2.591726172542807,2.591726172542807
4179,2.591726172542807,2.591726172542807,2.591726172542807,2.591726172542807,2.591726172542807,2.591726172542807,2.591726172542807
4180,2.591726172542807,2.591726172542807,2.591726172542807,2.591726172542807,2.591726172542807,2.591726172542807,2.591726172542807
4181,2.591726172542807,2.591726172542807,2.591726172542807,2.591726172542807,2.591726172542807,2.591726172542807,2.591726172542807
4182,2.591726172542807,2.591726172542807,2.591726172542807,2.591726172542807,2.591726172542807,2.591726172542807,2.591726172542807
4183,2.591726172542807,2.591726172542807,2.591726172542807,2.591726172542807,2.591726172542807,2.591726172542807,2.591726172542807
4184,2.591726172542807,2.591726172542807,2.591726172542807,2.591726172542807,2.591726172542807,2.591726172542807,2.591726172542807
4185,2.591726172542807,2.591726172542807,2.591726172542807,2.591726172542807,2.591726172542807,2.591726172542807,2.591726172542807
4186,2.591726172542807,2.591726172542807,2.591726172542807,2.591726172542807,2.591726172542807,2.591726172542807,2.591726172542807
4187,2.591726172542807,2.591726172542807,2.591726172542807,2.591726172542807,2.591726172542807,2.591726172542807,2.591726172542807
4188,2.591726172542807,2.591726172542807,2.591726172542807,2.591726172542807,2.591726172542807,2.591726172542807,2.591726172542807
4189,2.591726172542807,2.591726172542807,2.591726172542807,2.591726172542807,2.591726172542807,2.591726172542807,2.591726172542807
4190,2.591726172542807,2.591726172542807,2.591726172542807,2.591726172542807,2.591726172542807,2.591726172542807,2.591726172542807
4191,2.591726172542807,2.591726172542807,2.591726172542807,2.591726172542807,2.591726172542807,2.591726172542807,2.591726172542807
4192,2.591726172542807,2.591726172542807,2.591726172542807,2.591726172542807,2.591726172542807,2.591726172542807,2.591726172542807
4193,2.591726172542807,2.591726172542807,2.591726172542807,2.591726172542807,2.591726172542807,2.591726172542807,2.591726172542807
4194,2.591726172542807,2.591726172542807,2.591726172542807,2.591726172542807,2.591726172542807,2.591726172542807,2.591726172542807
4195,2.591726172542807,2.591726172542807,2.591726172542807,2.591726172542807,2.591726172542807,2.591726172542807,2.591726172542807
4196,2.591726172542807,2.591726172542807,2.591726172542807,2.591726172542807,2.591726172542807,2.591726172542807,2.591726172542807
4197,2.591726172542807,2.591726172542807,2.591726172542807,2.591726172542807,2.591726172542807,2.591726172542807,2.591726172542807
4198,2.591726172542807,2.591726172542807,2.591726172542807,2.591726172542807,2.591726172542807,2.591726172542807,2.591726172542807
4199,2.591726172542807,2.591726172542807,2.591726172542807,2.591726172542807,2.591726172542807,2.591726172542807,2.591726172542807
4200,2.591726172542807,2.591726172542807,2.591726172542807,2.591726172542807,2.591726172542807,2.591726172542807,2.591726172542807
4201,2.591726172542807,2.591726172542807,2.591726172542807,2.591726172542807,2.591726172542807,2.591726172542807,2.591726172542807
4202,2.591726172542807,2.591726172542807,2.591726172542807,2.591726172542807,2.591726172542807,2.591726172542807,2.591726172542807
4203,2.591726172542807,2.591726172542807,2.591726172542807,2.591726172542807,2.591726172542807,2.591726172542807,2.591726172542807
4204,2.591726172542807,2.591726172542807,2.591726172542807,2.591726172542807,2.591726172542807,2.591726172542807,2.591726172542807
4205,2.591726172542807,2.591726172542807,2.591726172542807,2.591726172542807,2.591726172542807,2.591726172542807,2.591726172542807
4206,2.591726172542807,2.591726172542807,2.591726172542807,2.591726172542807,2.591726172542807,2.591726172542807,2.591726172542807
4207,2.591726172542807,2.591726172542807,2.591726172542807,2.591726172542807,2.591726172542807,2.591726172542807,2.591726172542807
4208,2.591726172542807,2.591726172542807,2.591726172542807,2.591726172542807,2.591726172542807,2.591726172542807,2.591726172542807
4209,2.591726172542807,2.591726172542807,2.591726172542807,2.591726172542807,2.591726172542807,2.591726172542807,2.591726172542807
4210,2.591726172542807,2.591726172542807,2.591726172542807,2.591726172542807,2.591726172542807,2.591726172542807,2.591726172542807
4211,2.591726172542807,2.591726172542807,2.591726172542807,2.591726172542807,2.591726172542807,2.591726172542807,2.591726172542807
4212,2.591726172542807,2.591726172542807,2.591726172542807,2.591726172542807,2.591726172542807,2.591726172542807,2.591726172542807
4213,2.591726172542807,2.591726172542807,2.591726172542807,2.591726172542807,2.591726172542807,2.591726172542807,2.591726172542807
4214,2.591726172542807,2.591726172542807,2.591726172542807,2.591726172542807,2.591726172542807,2.591726172542807,2.591726172542807
4215,2.591726172542807,2.591726172542807,2.591726172542807,2.591726172542807,2.591726172542807,2.591726172542807,2.591726172542807
4216,2.591726172542807,2.591726172542807,2.591726172542807,2.591726172542807,2.591726172542807,2.591726172542807,2.591726172542807
4217,2.591726172542807,2.591726172542807,2.591726172542807,2.591726172542807,2.591726172542807,2.591726172542807,2.591726172542807
4218,2.591726172542807,2.591726172542807,2.591726172542807,2.591726172542807,2.591726172542807,2.591726172542807,2.591726172542807
4219,2.591726172542807,2.591726172542807,2.591726172542807,2.591726172542807,2.591726172542807,2.591726172542807,2.591726172542807
4220,2.591726172542807,2.591726172542807,2.591726172542807,2.591726172542807,2.591726172542807,2.591726172542807,2.591726172542807
4221,2.591726172542807,2.591726172542807,2.591726172542807,2.591726172542807,2.591726172542807,2.591726172542807,2.591726172542807
4222,2.591726172542807,2.591726172542807,2.591726172542807,2.591726172542807,2.591726172542807,2.591726172542807,2.591726172542807
4223,2.591726172542807,2.591726172542807,2.591726172542807,2.591726172542807,2.591726172542807,2.591726172542807,2.591726172542807
4224,2.591726172542807,2.591726172542807,2.591726172542807,2.591726172542807,2.591726172542807,2.591726172542807,2.591726172542807
4225,2.591726172542807,2.591726172542807,2.591726172542807,2.591726172542807,2.591726172542807,2.591726172542807,2.591726172542807
4226,2.591726172542807,2.591726172542807,2.591726172542807,2.591726172542807,2.591726172542807,2.591726172542807,2.591726172542807
4227,2.591726172542807,2.591726172542807,2.591726172542807,2.591726172542807,2.591726172542807,2.591726172542807,2.591726172542807
4228,2.591726172542807,2.591726172542807,2.591726172542807,2.591726172542807,2.591726172542807,2.591726172542807,2.591726172542807
4229,2.591726172542807,2.591726172542807,2.591726172542807,2.591726172542807,2.591726172542807,2.591726172542807,2.591726172542807
4230,2.591726172542807,2.591726172542807,2.591726172542807,2.591726172542807,2.591726172542807,2.591726172542807,2.591726172542807
4231,2.591726172542807,2.591726172542807,2.591726172542807,2.591726172542807,2.591726172542807,2.591726172542807,2.591726172542807
4232,2.591726172542807,2.591726172542807,2.591726172542807,2.591726172542807,2.591726172542807,2.591726172542807,2.591726172542807
4233,2.591726172542807,2.591726172542807,2.591726172542807,2.591726172542807,2.591726172542807,2.591726172542807,2.591726172542807
4234,2.591726172542807,2.591726172542807,2.591726172542807,2.591726172542807,2.591726172542807,2.591726172542807,2.591726172542807
4235,2.591726172542807,2.591726172542807,2.591726172542807,2.591726172542807,2.591726172542807,2.591726172542807,2.591726172542807
4236,2.591726172542807,2.591726172542807,2.591726172542807,2.591726172542807,2.591726172542807,2.591726172542807,2.591726172542807
4237,2.591726172542807,2.591726172542807,2.591726172542807,2.591726172542807,2.591726172542807,2.591726172542807,2.591726172542807
4238,2.591726172542807,2.591726172542807,2.591726172542807,2.591726172542807,2.591726172542807,2.591726172542807,2.591726172542807
4239,2.591726172542807,2.591726172542807,2.591726172542807,2.591726172542807,2.591726172542807,2.591726172542807,2.591726172542807
4240,2.591726172542807,2.591726172542807,2.591726172542807,2.591726172542807,2.591726172542807,2.591726172542807,2.591726172542807
4241,2.591726172542807,2.591726172542807,2.591726172542807,2.591726172542807,2.591726172542807,2.591726172542807,2.591726172542807
4242,2.591726172542807,2.591726172542807,2.591726172542807,2.591726172542807,2.591726172542807,2.591726172542807,2.591726172542807
4243,2.591726172542807,2.591726172542807,2.591726172542807,2.591726172542807,2.591726172542807,2.591726172542807,2.591726172542807
4244,2.591726172542807,2.591726172542807,2.591726172542807,2.591726172542807,2.591726172542807,2.591726172542807,2.591726172542807
4245,2.591726172542807,2.591726172542807,2.591726172542807,2.591726172542807,2.591726172542807,2.591726172542807,2.591726172542807
4246,2.591726172542807,2.591726172542807,2.591726172542807,2.591726172542807,2.591726172542807,2.591726172542807,2.591726172542807
4247,2.591726172542807,2.591726172542807,2.591726172542807,2.591726172542807,2.591726172542807,2.591726172542807,2.591726172542807
4248,2.591726172542807,2.591726172542807,2.591726172542807,2.591726172542807,2.591726172542807,2.591726172542807,2.591726172542807
4249,2.591726172542807,2.591726172542807,2.591726172542807,2.591726172542807,2.591726172542807,2.591726172542807,2.591726172542807
4250,2.591726172542807,2.591726172542807,2.591726172542807,2.591726172542807,2.591726172542807,2.591726172542807,2.591726172542807
4251,2.591726172542807,2.591726172542807,2.591726172542807,2.591726172542807,2.591726172542807,2.591726172542807,2.591726172542807
4252,2.591726172542807,2.591726172542807,2.591726172542807,2.591726172542807,2.591726172542807,2.591726172542807,2.591726172542807
4253,2.591726172542807,2.591726172542807,2.591726172542807,2.591726172542807,2.591726172542807,2.591726172542807,2.591726172542807
4254,2.591726172542807,2.591726172542807,2.591726172542807,2.591726172542807,2.591726172542807,2.591726172542807,2.591726172542807
4255,2.591726172542807,2.591726172542807,2.591726172542807,2.591726172542807,2.591726172542807,2.591726172542807,2.591726172542807
4256,2.591726172542807,2.591726172542807,2.591726172542807,2.591726172542807,2.591726172542807,2.591726172542807,2.591726172542807
4257,2.591726172542807,2.591726172542807,2.591726172542807,2.591726172542807,2.591726172542807,2.591726172542807,2.591726172542807
4258,2.591726172542807,2.591726172542807,2.591726172542807,2.591726172542807,2.591726172542807,2.591726172542807,2.591726172542807
4259,2.591726172542807,2.591726172542807,2.591726172542807,2.591726172542807,2.591726172542807,2.591726172542807,2.591726172542807
4260,8.639087241809358,8.639087241809358,8.639087241809358,8.639087241809358,8.639087241809358,8.639087241809358,8.639087241809358
4261,8.639087241809358,8.639087241809358,8.639087241809358,8.639087241809358,8.639087241809358,8.639087241809358,8.639087241809358
4262,8.639087241809358,8.639087241809358,8.639087241809358,8.639087241809358,8.639087241809358,8.639087241809358,8.639087241809358
4263,8.639087241809358,8.639087241809358,8.639087241809358,8.639087241809358,8.639087241809358,8.639087241809358,8.639087241809358
4264,8.639087241809358,8.639087241809358,8.639087241809358,8.639087241809358,8.639087241809358,8.639087241809358,8.639087241809358
4265,8.639087241809358,8.639087241809358,8.639087241809358,8.639087241809358,8.639087241809358,8.639087241809358,8.639087241809358
4266,8.639087241809358,8.639087241809358,8.639087241809358,8.639087241809358,8.639087241809358,8.639087241809358,8.639087241809358
4267,8.639087241809358,8.639087241809358,8.639087241809358,8.639087241809358,8.639087241809358,8.639087241809358,8.639087241809358
4268,8.639087241809358,8.639087241809358,8.639087241809358,8.639087241809358,8.639087241809358,8.639087241809358,8.639087241809358
4269,8.639087241809358,8.639087241809358,8.639087241809358,8.639087241809358,8.639087241809358,8.639087241809358,8.639087241809358
4270,8.639087241809358,8.639087241809358,8.639087241809358,8.639087241809358,8.639087241809358,8.639087241809358,8.639087241809358
4271,8.639087241809358,8.639087241809358,8.639087241809358,8.639087241809358,8.639087241809358,8.639087241809358,8.639087241809358
4272,8.639087241809358,8.639087241809358,8.639087241809358,8.639087241809358,8.639087241809358,8.639087241809358,8.639087241809358
4273,8.639087241809358,8.639087241809358,8.639087241809358,8.639087241809358,8.639087241809358,8.639087241809358,8.639087241809358
4274,8.639087241809358,8.639087241809358,8.639087241809358,8.639087241809358,8.639087241809358,8.639087241809358,8.639087241809358
4275,8.639087241809358,8.639087241809358,8.639087241809358,8.639087241809358,8.639087241809358,8.639087241809358,8.639087241809358
4276,8.639087241809358,8.639087241809358,8.639087241809358,8.639087241809358,8.639087241809358,8.639087241809358,8.639087241809358
4277,8.639087241809358,8.639087241809358,8.639087241809358,8.639087241809358,8.639087241809358,8.639087241809358,8.639087241809358
4278,8.639087241809358,8.639087241809358,8.639087241809358,8.639087241809358,8.639087241809358,8.639087241809358,8.639087241809358
4279,8.639087241809358,8.639087241809358,8.639087241809358,8.639087241809358,8.639087241809358,8.639087241809358,8.639087241809358
4280,8.639087241809358,8.639087241809358,8.639087241809358,8.639087241809358,8.639087241809358,8.639087241809358,8.639087241809358
4281,8.639087241809358,8.639087241809358,8.639087241809358,8.639087241809358,8.639087241809358,8.639087241809358,8.639087241809358
4282,8.639087241809358,8.639087241809358,8.639087241809358,8.639087241809358,8.639087241809358,8.639087241809358,8.639087241809358
4283,8.639087241809358,8.639087241809358,8.639087241809358,8.639087241809358,8.639087241809358,8.639087241809358,8.639087241809358
4284,8.639087241809358,8.639087241809358,8.639087241809358,8.639087241809358,8.639087241809358,8.639087241809358,8.639087241809358
4285,8.639087241809358,8.639087241809358,8.639087241809358,8.639087241809358,8.639087241809358,8.639087241809358,8.639087241809358
4286,8.639087241809358,8.639087241809358,8.639087241809358,8.639087241809358,8.639087241809358,8.639087241809358,8.639087241809358
4287,8.639087241809358,8.639087241809358,8.639087241809358,8.639087241809358,8.639087241809358,8.639087241809358,8.639087241809358
4288,8.639087241809358,8.639087241809358,8.639087241809358,8.639087241809358,8.639087241809358,8.639087241809358,8.639087241809358
4289,8.639087241809358,8.639087241809358,8.639087241809358,8.639087241809358,8.639087241809358,8.639087241809358,8.639087241809358
4290,8.639087241809358,8.639087241809358,8.639087241809358,8.639087241809358,8.639087241809358,8.639087241809358,8.639087241809358
4291,8.639087241809358,8.639087241809358,8.639087241809358,8.639087241809358,8.639087241809358,8.639087241809358,8.639087241809358
4292,8.639087241809358,8.639087241809358,8.639087241809358,8.639087241809358,8.639087241809358,8.639087241809358,8.639087241809358
4293,8.639087241809358,8.639087241809358,8.639087241809358,8.639087241809358,8.639087241809358,8.639087241809358,8.639087241809358
4294,8.639087241809358,8.639087241809358,8.639087241809358,8.639087241809358,8.639087241809358,8.639087241809358,8.639087241809358
4295,8.639087241809358,8.639087241809358,8.639087241809358,8.639087241809358,8.639087241809358,8.639087241809358,8.639087241809358
4296,8.639087241809358,8.639087241809358,8.639087241809358,8.639087241809358,8.639087241809358,8.639087241809358,8.639087241809358
4297,8.639087241809358,8.639087241809358,8.639087241809358,8.639087241809358,8.639087241809358,8.639087241809358,8.639087241809358
4298,8.639087241809358,8.639087241809358,8.639087241809358,8.639087241809358,8.639087241809358,8.639087241809358,8.639087241809358
4299,8.639087241809358,8.639087241809358,8.639087241809358,8.639087241809358,8.639087241809358,8.639087241809358,8.639087241809358
4300,8.639087241809358,8.639087241809358,8.639087241809358,8.639087241809358,8.639087241809358,8.639087241809358,8.639087241809358
4301,8.639087241809358,8.639087241809358,8.639087241809358,8.639087241809358,8.639087241809358,8.639087241809358,8.639087241809358
4302,8.639087241809358,8.639087241809358,8.639087241809358,8.639087241809358,8.639087241809358,8.639087241809358,8.639087241809358
4303,8.639087241809358,8.639087241809358,8.639087241809358,8.639087241809358,8.639087241809358,8.639087241809358,8.639087241809358
4304,8.639087241809358,8.639087241809358,8.639087241809358,8.639087241809358,8.639087241809358,8.639087241809358,8.639087241809358
4305,8.639087241809358,8.639087241809358,8.639087241809358,8.639087241809358,8.639087241809358,8.639087241809358,8.639087241809358
4306,8.639087241809358,8.639087241809358,8.639087241809358,8.639087241809358,8.639087241809358,8.639087241809358,8.639087241809358
4307,8.639087241809358,8.639087241809358,8.639087241809358,8.639087241809358,8.639087241809358,8.639087241809358,8.639087241809358
4308,8.639087241809358,8.639087241809358,8.639087241809358,8.639087241809358,8.639087241809358,8.639087241809358,8.639087241809358
4309,8.639087241809358,8.639087241809358,8.639087241809358,8.639087241809358,8.639087241809358,8.639087241809358,8.639087241809358
4310,8.639087241809358,8.639087241809358,8.639087241809358,8.639087241809358,8.639087241809358,8.639087241809358,8.639087241809358
4311,8.639087241809358,8.639087241809358,8.639087241809358,8.639087241809358,8.639087241809358,8.639087241809358,8.639087241809358
4312,8.639087241809358,8.639087241809358,8.639087241809358,8.639087241809358,8.639087241809358,8.639087241809358,8.639087241809358
4313,8.639087241809358,8.639087241809358,8.639087241809358,8.639087241809358,8.639087241809358,8.639087241809358,8.639087241809358
4314,8.639087241809358,8.639087241809358,8.639087241809358,8.639087241809358,8.639087241809358,8.639087241809358,8.639087241809358
4315,8.639087241809358,8.639087241809358,8.639087241809358,8.639087241809358,8.639087241809358,8.639087241809358,8.639087241809358
4316,8.639087241809358,8.639087241809358,8.639087241809358,8.639087241809358,8.639087241809358,8.639087241809358,8.639087241809358
4317,8.639087241809358,8.639087241809358,8.639087241809358,8.639087241809358,8.639087241809358,8.639087241809358,8.639087241809358
4318,8.639087241809358,8.639087241809358,8.639087241809358,8.639087241809358,8.639087241809358,8.639087241809358,8.639087241809358
4319,8.639087241809358,8.639087241809358,8.639087241809358,8.639087241809358,8.639087241809358,8.639087241809358,8.639087241809358
4320,8.639087241809358,8.639087241809358,8.639087241809358,8.639087241809358,8.639087241809358,8.639087241809358,8.639087241809358
4321,8.639087241809358,8.639087241809358,8.639087241809358,8.639087241809358,8.639087241809358,8.639087241809358,8.639087241809358
4322,8.639087241809358,8.639087241809358,8.639087241809358,8.639087241809358,8.639087241809358,8.639087241809358,8.639087241809358
4323,8.639087241809358,8.639087241809358,8.639087241809358,8.639087241809358,8.639087241809358,8.639087241809358,8.639087241809358
4324,8.639087241809358,8.639087241809358,8.639087241809358,8.639087241809358,8.639087241809358,8.639087241809358,8.639087241809358
4325,8.639087241809358,8.639087241809358,8.639087241809358,8.639087241809358,8.639087241809358,8.639087241809358,8.639087241809358
4326,8.639087241809358,8.639087241809358,8.639087241809358,8.639087241809358,8.639087241809358,8.639087241809358,8.639087241809358
4327,8.639087241809358,8.639087241809358,8.639087241809358,8.639087241809358,8.639087241809358,8.639087241809358,8.639087241809358
4328,8.639087241809358,8.639087241809358,8.639087241809358,8.639087241809358,8.639087241809358,8.639087241809358,8.639087241809358
4329,8.639087241809358,8.639087241809358,8.639087241809358,8.639087241809358,8.639087241809358,8.639087241809358,8.639087241809358
4330,8.639087241809358,8.639087241809358,8.639087241809358,8.639087241809358,8.639087241809358,8.639087241809358,8.639087241809358
4331,8.639087241809358,8.639087241809358,8.639087241809358,8.639087241809358,8.639087241809358,8.639087241809358,8.639087241809358
4332,8.639087241809358,8.639087241809358,8.639087241809358,8.639087241809358,8.639087241809358,8.639087241809358,8.639087241809358
4333,8.639087241809358,8.639087241809358,8.639087241809358,8.639087241809358,8.639087241809358,8.639087241809358,8.639087241809358
4334,8.639087241809358,8.639087241809358,8.639087241809358,8.639087241809358,8.639087241809358,8.639087241809358,8.639087241809358
4335,8.639087241809358,8.639087241809358,8.639087241809358,8.639087241809358,8.639087241809358,8.639087241809358,8.639087241809358
4336,8.639087241809358,8.639087241809358,8.639087241809358,8.639087241809358,8.639087241809358,8.639087241809358,8.639087241809358
4337,8.639087241809358,8.639087241809358,8.639087241809358,8.639087241809358,8.639087241809358,8.639087241809358,8.639087241809358
4338,8.639087241809358,8.639087241809358,8.639087241809358,8.639087241809358,8.639087241809358,8.639087241809358,8.639087241809358
4339,8.639087241809358,8.639087241809358,8.639087241809358,8.639087241809358,8.639087241809358,8.639087241809358,8.639087241809358
4340,8.639087241809358,8.639087241809358,8.639087241809358,8.639087241809358,8.639087241809358,8.639087241809358,8.639087241809358
4341,8.639087241809358,8.639087241809358,8.639087241809358,8.639087241809358,8.639087241809358,8.639087241809358,8.639087241809358
4342,8.639087241809358,8.639087241809358,8.639087241809358,8.639087241809358,8.639087241809358,8.639087241809358,8.639087241809358
4343,8.639087241809358,8.639087241809358,8.639087241809358,8.639087241809358,8.639087241809358,8.639087241809358,8.639087241809358
4344,8.639087241809358,8.639087241809358,8.639087241809358,8.639087241809358,8.639087241809358,8.639087241809358,8.639087241809358
4345,8.639087241809358,8.639087241809358,8.639087241809358,8.639087241809358,8.639087241809358,8.639087241809358,8.639087241809358
4346,8.639087241809358,8.639087241809358,8.639087241809358,8.639087241809358,8.639087241809358,8.639087241809358,8.639087241809358
4347,8.639087241809358,8.639087241809358,8.639087241809358,8.639087241809358,8.639087241809358,8.639087241809358,8.639087241809358
4348,8.639087241809358,8.639087241809358,8.639087241809358,8.639087241809358,8.639087241809358,8.639087241809358,8.639087241809358
4349,8.639087241809358,8.639087241809358,8.639087241809358,8.639087241809358,8.639087241809358,8.639087241809358,8.639087241809358
4350,8.639087241809358,8.639087241809358,8.639087241809358,8.639087241809358,8.639087241809358,8.639087241809358,8.639087241809358
4351,8.639087241809358,8.639087241809358,8.639087241809358,8.639087241809358,8.639087241809358,8.639087241809358,8.639087241809358
4352,8.639087241809358,8.639087241809358,8.639087241809358,8.639087241809358,8.639087241809358,8.639087241809358,8.639087241809358
4353,8.639087241809358,8.639087241809358,8.639087241809358,8.639087241809358,8.639087241809358,8.639087241809358,8.639087241809358
4354,8.639087241809358,8.639087241809358,8.639087241809358,8.639087241809358,8.639087241809358,8.639087241809358,8.639087241809358
4355,8.639087241809358,8.639087241809358,8.639087241809358,8.639087241809358,8.639087241809358,8.639087241809358,8.639087241809358
4356,8.639087241809358,8.639087241809358,8.639087241809358,8.639087241809358,8.639087241809358,8.639087241809358,8.639087241809358
4357,8.639087241809358,8.639087241809358,8.639087241809358,8.639087241809358,8.639087241809358,8.639087241809358,8.639087241809358
4358,8.639087241809358,8.639087241809358,8.639087241809358,8.639087241809358,8.639087241809358,8.639087241809358,8.639087241809358
4359,8.639087241809358,8.639087241809358,8.639087241809358,8.639087241809358,8.639087241809358,8.639087241809358,8.639087241809358
4360,8.639087241809358,8.639087241809358,8.639087241809358,8.639087241809358,8.639087241809358,8.639087241809358,8.639087241809358
4361,8.639087241809358,8.639087241809358,8.639087241809358,8.639087241809358,8.639087241809358,8.639087241809358,8.639087241809358
4362,8.639087241809358,8.639087241809358,8.639087241809358,8.639087241809358,8.639087241809358,8.639087241809358,8.639087241809358
4363,8.639087241809358,8.639087241809358,8.639087241809358,8.639087241809358,8.639087241809358,8.639087241809358,8.639087241809358
4364,8.639087241809358,8.639087241809358,8.639087241809358,8.639087241809358,8.639087241809358,8.639087241809358,8.639087241809358
4365,8.639087241809358,8.639087241809358,8.639087241809358,8.639087241809358,8.639087241809358,8.639087241809358,8.639087241809358
4366,8.639087241809358,8.639087241809358,8.639087241809358,8.639087241809358,8.639087241809358,8.639087241809358,8.639087241809358
4367,8.639087241809358,8.639087241809358,8.639087241809358,8.639087241809358,8.639087241809358,8.639087241809358,8.639087241809358
4368,8.639087241809358,8.639087241809358,8.639087241809358,8.639087241809358,8.639087241809358,8.639087241809358,8.639087241809358
4369,8.639087241809358,8.639087241809358,8.639087241809358,8.639087241809358,8.639087241809358,8.639087241809358,8.639087241809358
4370,285.9133675624926,285.9133675624926,285.9133675624926,285.9133675624926,285.9133675624926,285.9133675624926,285.9133675624926
4371,508.57567661486695,508.57567661486695,508.57567661486695,508.57567661486695,508.57567661486695,508.57567661486695,508.57567661486695
4372,661.6205899183392,661.6205899183392,661.6205899183392,661.6205899183392,661.6205899183392,661.6205899183392,661.6205899183392
4373,743.7705091695951,743.7705091695951,743.7705091695951,743.7705091695951,743.7705091695951,743.7705091695951,743.7705091695951
4374,766.3823048044442,766.3823048044442,766.3823048044442,766.3823048044442,766.3823048044442,766.3823048044442,766.3823048044442
4375,753.0518169108469,753.0518169108469,753.0518169108469,753.0518169108469,753.0518169108469,753.0518169108469,753.0518169108469
4376,743.5513669446885,743.5513669446885,743.5513669446885,743.5513669446885,743.5513669446885,743.5513669446885,743.5513669446885
4377,705.8857904187323,705.8857904187323,705.8857904187323,705.8857904187323,705.8857904187323,705.8857904187323,705.8857904187323
4378,668.132296885298,668.132296885298,668.132296885298,668.132296885298,668.132296885298,668.132296885298,668.132296885298
4379,794.796026246461,794.796026246461,794.796026246461,794.796026246461,794.796026246461,794.796026246461,794.796026246461
4380,2991.3737980846513,2991.3737980846513,2991.3737980846513,2991.3737980846513,2991.3737980846513,2991.3737980846513,2991.3737980846513
4381,2991.3737980846513,2991.3737980846513,2991.3737980846513,2991.3737980846513,2991.3737980846513,2991.3737980846513,2991.3737980846513
4382,2869.8236433529783,2869.8236433529783,2869.8236433529783,2869.8236433529783,2869.8236433529783,2869.8236433529783,2869.8236433529783
4383,2445.4205279236407,2445.4205279236407,2445.4205279236407,2445.4205279236407,2445.4205279236407,2445.4205279236407,2445.4205279236407
4384,2096.797707101016,2096.797707101016,2096.797707101016,2096.797707101016,2096.797707101016,2096.797707101016,2096.797707101016
4385,1790.7635088354384,1790.7635088354384,1790.7635088354384,1790.7635088354384,1790.7635088354384,1790.7635088354384,1790.7635088354384
4386,1518.3437967581756,1518.3437967581756,1518.3437967581756,1518.3437967581756,1518.3437967581756,1518.3437967581756,1518.3437967581756
4387,1214.608452120172,1214.608452120172,1214.608452120172,1214.608452120172,1214.608452120172,1214.608452120172,1214.608452120172
4388,869.0453843236411,869.0453843236411,869.0453843236411,869.0453843236411,869.0453843236411,869.0453843236411,869.0453843236411
4389,576.8309340559834,576.8309340559834,576.8309340559834,576.8309340559834,576.8309340559834,576.8309340559834,576.8309340559834
4390,292.8981842603625,292.8981842603625,292.8981842603625,292.8981842603625,292.8981842603625,292.8981842603625,292.8981842603625
4391,39.463271033940295,39.463271033940295,39.463271033940295,39.463271033940295,39.463271033940295,39.463271033940295,39.463271033940295
4392,9.754479776362992,9.754479776362992,9.754479776362992,9.754479776362992,9.754479776362992,9.754479776362992,9.754479776362992
4393,9.754479776362992,9.754479776362992,9.754479776362992,9.754479776362992,9.754479776362992,9.754479776362992,9.754479776362992
4394,9.754479776362992,9.754479776362992,9.754479776362992,9.754479776362992,9.754479776362992,9.754479776362992,9.754479776362992
4395,9.754479776362992,9.754479776362992,9.754479776362992,9.754479776362992,9.754479776362992,9.754479776362992,9.754479776362992
4396,9.754479776362992,9.754479776362992,9.754479776362992,9.754479776362992,9.754479776362992,9.754479776362992,9.754479776362992
4397,2944.6389763255556,2944.6389763255556,2944.6389763255556,2944.6389763255556,2944.6389763255556,2944.6389763255556,2944.6389763255556
4398,2478.2465286346614,2478.2465286346614,2478.2465286346614,2478.2465286346614,2478.2465286346614,2478.2465286346614,2478.2465286346614
4399,2120.588519924715,2120.588519924715,2120.588519924715,2120.588519924715,2120.588519924715,2120.588519924715,2120.588519924715
4400,1856.0943020496777,1856.0943020496777,1856.0943020496777,1856.0943020496777,1856.0943020496777,1856.0943020496777,1856.0943020496777
4401,1632.6585294841657,1632.6585294841657,1632.6585294841657,1632.6585294841657,1632.6585294841657,1632.6585294841657,1632.6585294841657
4402,1443.2944706700143,1443.2944706700143,1443.2944706700143,1443.2944706700143,1443.2944706700143,1443.2944706700143,1443.2944706700143
4403,1292.6807875970983,1292.6807875970983,1292.6807875970983,1292.6807875970983,1292.6807875970983,1292.6807875970983,1292.6807875970983
4404,1157.3961951639262,1157.3961951639262,1157.3961951639262,1157.3961951639262,1157.3961951639262,1157.3961951639262,1157.3961951639262
4405,1041.7180123644364,1041.7180123644364,1041.7180123644364,1041.7180123644364,1041.7180123644364,1041.7180123644364,1041.7180123644364
4406,946.2177685583554,946.2177685583554,946.2177685583554,946.2177685583554,946.2177685583554,946.2177685583554,946.2177685583554
4407,855.1543423211655,855.1543423211655,855.1543423211655,855.1543423211655,855.1543423211655,855.1543423211655,855.1543423211655
4408,762.2049981224712,762.2049981224712,762.2049981224712,762.2049981224712,762.2049981224712,762.2049981224712,762.2049981224712
4409,666.9091623832325,666.9091623832325,666.9091623832325,666.9091623832325,666.9091623832325,666.9091623832325,666.9091623832325
4410,567.889297031539,567.889297031539,567.889297031539,567.889297031539,567.889297031539,567.889297031539,567.889297031539
4411,496.20412515461595,496.20412515461595,496.20412515461595,496.20412515461595,496.20412515461595,496.20412515461595,496.20412515461595
4412,415.59162810612634,415.59162810612634,415.59162810612634,415.59162810612634,415.59162810612634,415.59162810612634,415.59162810612634
4413,9.754479776362992,9.754479776362992,9.754479776362992,9.754479776362992,9.754479776362992,9.754479776362992,9.754479776362992
4414,9.754479776362992,9.754479776362992,9.754479776362992,9.754479776362992,9.754479776362992,9.754479776362992,9.754479776362992
4415,9.754479776362992,9.754479776362992,9.754479776362992,9.754479776362992,9.754479776362992,9.754479776362992,9.754479776362992
4416,9.754479776362992,9.754479776362992,9.754479776362992,9.754479776362992,9.754479776362992,9.754479776362992,9.754479776362992
4417,9.754479776362992,9.754479776362992,9.754479776362992,9.754479776362992,9.754479776362992,9.754479776362992,9.754479776362992
4418,9.754479776362992,9.754479776362992,9.754479776362992,9.754479776362992,9.754479776362992,9.754479776362992,9.754479776362992
4419,9.754479776362992,9.754479776362992,9.754479776362992,9.754479776362992,9.754479776362992,9.754479776362992,9.754479776362992
4420,9.754479776362992,9.754479776362992,9.754479776362992,9.754479776362992,9.754479776362992,9.754479776362992,9.754479776362992
4421,9.754479776362992,9.754479776362992,9.754479776362992,9.754479776362992,9.754479776362992,9.754479776362992,9.754479776362992
4422,9.754479776362992,9.754479776362992,9.754479776362992,9.754479776362992,9.754479776362992,9.754479776362992,9.754479776362992
4423,9.754479776362992,9.754479776362992,9.754479776362992,9.754479776362992,9.754479776362992,9.754479776362992,9.754479776362992
4424,9.754479776362992,9.754479776362992,9.754479776362992,9.754479776362992,9.754479776362992,9.754479776362992,9.754479776362992
4425,9.754479776362992,9.754479776362992,9.754479776362992,9.754479776362992,9.754479776362992,9.754479776362992,9.754479776362992
4426,9.754479776362992,9.754479776362992,9.754479776362992,9.754479776362992,9.754479776362992,9.754479776362992,9.754479776362992
4427,9.754479776362992,9.754479776362992,9.754479776362992,9.754479776362992,9.754479776362992,9.754479776362992,9.754479776362992
4428,9.754479776362992,9.754479776362992,9.754479776362992,9.754479776362992,9.754479776362992,9.754479776362992,9.754479776362992
4429,9.754479776362992,9.754479776362992,9.754479776362992,9.754479776362992,9.754479776362992,9.754479776362992,9.754479776362992
4430,9.754479776362992,9.754479776362992,9.754479776362992,9.754479776362992,9.754479776362992,9.754479776362992,9.754479776362992
4431,9.754479776362992,9.754479776362992,9.754479776362992,9.754479776362992,9.754479776362992,9.754479776362992,9.754479776362992
4432,9.754479776362992,9.754479776362992,9.754479776362992,9.754479776362992,9.754479776362992,9.754479776362992,9.754479776362992
4433,9.754479776362992,9.754479776362992,9.754479776362992,9.754479776362992,9.754479776362992,9.754479776362992,9.754479776362992
4434,9.754479776362992,9.754479776362992,9.754479776362992,9.754479776362992,9.754479776362992,9.754479776362992,9.754479776362992
4435,9.754479776362992,9.754479776362992,9.754479776362992,9.754479776362992,9.754479776362992,9.754479776362992,9.754479776362992
4436,9.754479776362992,9.754479776362992,9.754479776362992,9.754479776362992,9.754479776362992,9.754479776362992,9.754479776362992
4437,9.754479776362992,9.754479776362992,9.754479776362992,9.754479776362992,9.754479776362992,9.754479776362992,9.754479776362992
4438,9.754479776362992,9.754479776362992,9.754479776362992,9.754479776362992,9.754479776362992,9.754479776362992,9.754479776362992
4439,9.754479776362992,9.754479776362992,9.754479776362992,9.754479776362992,9.754479776362992,9.754479776362992,9.754479776362992
4440,9.754479776362992,9.754479776362992,9.754479776362992,9.754479776362992,9.754479776362992,9.754479776362992,9.754479776362992
4441,9.754479776362992,9.754479776362992,9.754479776362992,9.754479776362992,9.754479776362992,9.754479776362992,9.754479776362992
4442,9.754479776362992,9.754479776362992,9.754479776362992,9.754479776362992,9.754479776362992,9.754479776362992,9.754479776362992
4443,9.754479776362992,9.754479776362992,9.754479776362992,9.754479776362992,9.754479776362992,9.754479776362992,9.754479776362992
4444,9.754479776362992,9.754479776362992,9.754479776362992,9.754479776362992,9.754479776362992,9.754479776362992,9.754479776362992
4445,9.754479776362992,9.754479776362992,9.754479776362992,9.754479776362992,9.754479776362992,9.754479776362992,9.754479776362992
4446,9.754479776362992,9.754479776362992,9.754479776362992,9.754479776362992,9.754479776362992,9.754479776362992,9.754479776362992
4447,9.754479776362992,9.754479776362992,9.754479776362992,9.754479776362992,9.754479776362992,9.754479776362992,9.754479776362992
4448,9.754479776362992,9.754479776362992,9.754479776362992,9.754479776362992,9.754479776362992,9.754479776362992,9.754479776362992
4449,9.754479776362992,9.754479776362992,9.754479776362992,9.754479776362992,9.754479776362992,9.754479776362992,9.754479776362992
4450,9.754479776362992,9.754479776362992,9.754479776362992,9.754479776362992,9.754479776362992,9.754479776362992,9.754479776362992
4451,9.754479776362992,9.754479776362992,9.754479776362992,9.754479776362992,9.754479776362992,9.754479776362992,9.754479776362992
4452,9.754479776362992,9.754479776362992,9.754479776362992,9.754479776362992,9.754479776362992,9.754479776362992,9.754479776362992
4453,9.754479776362992,9.754479776362992,9.754479776362992,9.754479776362992,9.754479776362992,9.754479776362992,9.754479776362992
4454,9.754479776362992,9.754479776362992,9.754479776362992,9.754479776362992,9.754479776362992,9.754479776362992,9.754479776362992
4455,9.754479776362992,9.754479776362992,9.754479776362992,9.754479776362992,9.754479776362992,9.754479776362992,9.754479776362992
4456,9.754479776362992,9.754479776362992,9.754479776362992,9.754479776362992,9.754479776362992,9.754479776362992,9.754479776362992
4457,9.754479776362992,9.754479776362992,9.754479776362992,9.754479776362992,9.754479776362992,9.754479776362992,9.754479776362992
4458,9.754479776362992,9.754479776362992,9.754479776362992,9.754479776362992,9.754479776362992,9.754479776362992,9.754479776362992
4459,9.754479776362992,9.754479776362992,9.754479776362992,9.754479776362992,9.754479776362992,9.754479776362992,9.754479776362992
4460,9.754479776362992,9.754479776362992,9.754479776362992,9.754479776362992,9.754479776362992,9.754479776362992,9.754479776362992
4461,9.754479776362992,9.754479776362992,9.754479776362992,9.754479776362992,9.754479776362992,9.754479776362992,9.754479776362992
4462,9.754479776362992,9.754479776362992,9.754479776362992,9.754479776362992,9.754479776362992,9.754479776362992,9.754479776362992
4463,9.754479776362992,9.754479776362992,9.754479776362992,9.754479776362992,9.754479776362992,9.754479776362992,9.754479776362992
4464,9.754479776362992,9.754479776362992,9.754479776362992,9.754479776362992,9.754479776362992,9.754479776362992,9.754479776362992
4465,9.754479776362992,9.754479776362992,9.754479776362992,9.754479776362992,9.754479776362992,9.754479776362992,9.754479776362992
4466,9.754479776362992,9.754479776362992,9.754479776362992,9.754479776362992,9.754479776362992,9.754479776362992,9.754479776362992
4467,9.754479776362992,9.754479776362992,9.754479776362992,9.754479776362992,9.754479776362992,9.754479776362992,9.754479776362992
4468,9.754479776362992,9.754479776362992,9.754479776362992,9.754479776362992,9.754479776362992,9.754479776362992,9.754479776362992
4469,9.754479776362992,9.754479776362992,9.754479776362992,9.754479776362992,9.754479776362992,9.754479776362992,9.754479776362992
4470,9.754479776362992,9.754479776362992,9.754479776362992,9.754479776362992,9.754479776362992,9.754479776362992,9.754479776362992
4471,9.754479776362992,9.754479776362992,9.754479776362992,9.754479776362992,9.754479776362992,9.754479776362992,9.754479776362992
4472,9.754479776362992,9.754479776362992,9.754479776362992,9.754479776362992,9.754479776362992,9.754479776362992,9.754479776362992
4473,9.754479776362992,9.754479776362992,9.754479776362992,9.754479776362992,9.754479776362992,9.754479776362992,9.754479776362992
4474,9.754479776362992,9.754479776362992,9.754479776362992,9.754479776362992,9.754479776362992,9.754479776362992,9.754479776362992
4475,9.754479776362992,9.754479776362992,9.754479776362992,9.754479776362992,9.754479776362992,9.754479776362992,9.754479776362992
4476,9.754479776362992,9.754479776362992,9.754479776362992,9.754479776362992,9.754479776362992,9.754479776362992,9.754479776362992
4477,9.754479776362992,9.754479776362992,9.754479776362992,9.754479776362992,9.754479776362992,9.754479776362992,9.754479776362992
4478,9.754479776362992,9.754479776362992,9.754479776362992,9.754479776362992,9.754479776362992,9.754479776362992,9.754479776362992
4479,9.754479776362992,9.754479776362992,9.754479776362992,9.754479776362992,9.754479776362992,9.754479776362992,9.754479776362992
4480,9.754479776362992,9.754479776362992,9.754479776362992,9.754479776362992,9.754479776362992,9.754479776362992,9.754479776362992
4481,9.754479776362992,9.754479776362992,9.754479776362992,9.754479776362992,9.754479776362992,9.754479776362992,9.754479776362992
4482,9.754479776362992,9.754479776362992,9.754479776362992,9.754479776362992,9.754479776362992,9.754479776362992,9.754479776362992
4483,9.754479776362992,9.754479776362992,9.754479776362992,9.754479776362992,9.754479776362992,9.754479776362992,9.754479776362992
4484,9.754479776362992,9.754479776362992,9.754479776362992,9.754479776362992,9.754479776362992,9.754479776362992,9.754479776362992
4485,9.754479776362992,9.754479776362992,9.754479776362992,9.754479776362992,9.754479776362992,9.754479776362992,9.754479776362992
4486,9.754479776362992,9.754479776362992,9.754479776362992,9.754479776362992,9.754479776362992,9.754479776362992,9.754479776362992
4487,9.754479776362992,9.754479776362992,9.754479776362992,9.754479776362992,9.754479776362992,9.754479776362992,9.754479776362992
4488,9.754479776362992,9.754479776362992,9.754479776362992,9.754479776362992,9.754479776362992,9.754479776362992,9.754479776362992
4489,9.754479776362992,9.754479776362992,9.754479776362992,9.754479776362992,9.754479776362992,9.754479776362992,9.754479776362992
4490,9.754479776362992,9.754479776362992,9.754479776362992,9.754479776362992,9.754479776362992,9.754479776362992,9.754479776362992
4491,9.754479776362992,9.754479776362992,9.754479776362992,9.754479776362992,9.754479776362992,9.754479776362992,9.754479776362992
4492,9.754479776362992,9.754479776362992,9.754479776362992,9.754479776362992,9.754479776362992,9.754479776362992,9.754479776362992
4493,9.754479776362992,9.754479776362992,9.754479776362992,9.754479776362992,9.754479776362992,9.754479776362992,9.754479776362992
4494,9.754479776362992,9.754479776362992,9.754479776362992,9.754479776362992,9.754479776362992,9.754479776362992,9.754479776362992
4495,9.754479776362992,9.754479776362992,9.754479776362992,9.754479776362992,9.754479776362992,9.754479776362992,9.754479776362992
4496,9.754479776362992,9.754479776362992,9.754479776362992,9.754479776362992,9.754479776362992,9.754479776362992,9.754479776362992
4497,9.754479776362992,9.754479776362992,9.754479776362992,9.754479776362992,9.754479776362992,9.754479776362992,9.754479776362992
4498,9.754479776362992,9.754479776362992,9.754479776362992,9.754479776362992,9.754479776362992,9.754479776362992,9.754479776362992
4499,9.754479776362992,9.754479776362992,9.754479776362992,9.754479776362992,9.754479776362992,9.754479776362992,9.754479776362992
4500,9.754479776362992,9.754479776362992,9.754479776362992,9.754479776362992,9.754479776362992,9.754479776362992,9.754479776362992
4501,9.754479776362992,9.754479776362992,9.754479776362992,9.754479776362992,9.754479776362992,9.754479776362992,9.754479776362992
4502,9.754479776362992,9.754479776362992,9.754479776362992,9.754479776362992,9.754479776362992,9.754479776362992,9.754479776362992
4503,9.754479776362992,9.754479776362992,9.754479776362992,9.754479776362992,9.754479776362992,9.754479776362992,9.754479776362992
4504,9.754479776362992,9.754479776362992,9.754479776362992,9.754479776362992,9.754479776362992,9.754479776362992,9.754479776362992
4505,9.754479776362992,9.754479776362992,9.754479776362992,9.754479776362992,9.754479776362992,9.754479776362992,9.754479776362992
4506,9.754479776362992,9.754479776362992,9.754479776362992,9.754479776362992,9.754479776362992,9.754479776362992,9.754479776362992
4507,9.754479776362992,9.754479776362992,9.754479776362992,9.754479776362992,9.754479776362992,9.754479776362992,9.754479776362992
4508,9.754479776362992,9.754479776362992,9.754479776362992,9.754479776362992,9.754479776362992,9.754479776362992,9.754479776362992
4509,9.754479776362992,9.754479776362992,9.754479776362992,9.754479776362992,9.754479776362992,9.754479776362992,9.754479776362992
4510,9.754479776362992,9.754479776362992,9.754479776362992,9.754479776362992,9.754479776362992,9.754479776362992,9.754479776362992
4511,9.754479776362992,9.754479776362992,9.754479776362992,9.754479776362992,9.754479776362992,9.754479776362992,9.754479776362992
4512,9.754479776362992,9.754479776362992,9.754479776362992,9.754479776362992,9.754479776362992,9.754479776362992,9.754479776362992
4513,9.754479776362992,9.754479776362992,9.754479776362992,9.754479776362992,9.754479776362992,9.754479776362992,9.754479776362992
4514,9.754479776362992,9.754479776362992,9.754479776362992,9.754479776362992,9.754479776362992,9.754479776362992,9.754479776362992
4515,9.754479776362992,9.754479776362992,9.754479776362992,9.754479776362992,9.754479776362992,9.754479776362992,9.754479776362992
4516,9.754479776362992,9.754479776362992,9.754479776362992,9.754479776362992,9.754479776362992,9.754479776362992,9.754479776362992
4517,9.754479776362992,9.754479776362992,9.754479776362992,9.754479776362992,9.754479776362992,9.754479776362992,9.754479776362992
4518,9.754479776362992,9.754479776362992,9.754479776362992,9.754479776362992,9.754479776362992,9.754479776362992,9.754479776362992
4519,9.754479776362992,9.754479776362992,9.754479776362992,9.754479776362992,9.754479776362992,9.754479776362992,9.754479776362992
4520,9.754479776362992,9.754479776362992,9.754479776362992,9.754479776362992,9.754479776362992,9.754479776362992,9.754479776362992
4521,9.754479776362992,9.754479776362992,9.754479776362992,9.754479776362992,9.754479776362992,9.754479776362992,9.754479776362992
4522,9.754479776362992,9.754479776362992,9.754479776362992,9.754479776362992,9.754479776362992,9.754479776362992,9.754479776362992
4523,9.754479776362992,9.754479776362992,9.754479776362992,9.754479776362992,9.754479776362992,9.754479776362992,9.754479776362992
4524,9.754479776362992,9.754479776362992,9.754479776362992,9.754479776362992,9.754479776362992,9.754479776362992,9.754479776362992
4525,9.754479776362992,9.754479776362992,9.754479776362992,9.754479776362992,9.754479776362992,9.754479776362992,9.754479776362992
4526,9.754479776362992,9.754479776362992,9.754479776362992,9.754479776362992,9.754479776362992,9.754479776362992,9.754479776362992
4527,9.754479776362992,9.754479776362992,9.754479776362992,9.754479776362992,9.754479776362992,9.754479776362992,9.754479776362992
4528,9.754479776362992,9.754479776362992,9.754479776362992,9.754479776362992,9.754479776362992,9.754479776362992,9.754479776362992
4529,9.754479776362992,9.754479776362992,9.754479776362992,9.754479776362992,9.754479776362992,9.754479776362992,9.754479776362992
4530,9.754479776362992,9.754479776362992,9.754479776362992,9.754479776362992,9.754479776362992,9.754479776362992,9.754479776362992
4531,9.754479776362992,9.754479776362992,9.754479776362992,9.754479776362992,9.754479776362992,9.754479776362992,9.754479776362992
4532,9.754479776362992,9.754479776362992,9.754479776362992,9.754479776362992,9.754479776362992,9.754479776362992,9.754479776362992
4533,9.754479776362992,9.754479776362992,9.754479776362992,9.754479776362992,9.754479776362992,9.754479776362992,9.754479776362992
4534,9.754479776362992,9.754479776362992,9.754479776362992,9.754479776362992,9.754479776362992,9.754479776362992,9.754479776362992
4535,9.754479776362992,9.754479776362992,9.754479776362992,9.754479776362992,9.754479776362992,9.754479776362992,9.754479776362992
4536,9.754479776362992,9.754479776362992,9.754479776362992,9.754479776362992,9.754479776362992,9.754479776362992,9.754479776362992
4537,9.754479776362992,9.754479776362992,9.754479776362992,9.754479776362992,9.754479776362992,9.754479776362992,9.754479776362992
4538,9.754479776362992,9.754479776362992,9.754479776362992,9.754479776362992,9.754479776362992,9.754479776362992,9.754479776362992
4539,9.754479776362992,9.754479776362992,9.754479776362992,9.754479776362992,9.754479776362992,9.754479776362992,9.754479776362992
4540,9.754479776362992,9.754479776362992,9.754479776362992,9.754479776362992,9.754479776362992,9.754479776362992,9.754479776362992
4541,9.754479776362992,9.754479776362992,9.754479776362992,9.754479776362992,9.754479776362992,9.754479776362992,9.754479776362992
4542,9.754479776362992,9.754479776362992,9.754479776362992,9.754479776362992,9.754479776362992,9.754479776362992,9.754479776362992
4543,9.754479776362992,9.754479776362992,9.754479776362992,9.754479776362992,9.754479776362992,9.754479776362992,9.754479776362992
4544,9.754479776362992,9.754479776362992,9.754479776362992,9.754479776362992,9.754479776362992,9.754479776362992,9.754479776362992
4545,9.754479776362992,9.754479776362992,9.754479776362992,9.754479776362992,9.754479776362992,9.754479776362992,9.754479776362992
4546,9.754479776362992,9.754479776362992,9.754479776362992,9.754479776362992,9.754479776362992,9.754479776362992,9.754479776362992
4547,9.754479776362992,9.754479776362992,9.754479776362992,9.754479776362992,9.754479776362992,9.754479776362992,9.754479776362992
4548,9.754479776362992,9.754479776362992,9.754479776362992,9.754479776362992,9.754479776362992,9.754479776362992,9.754479776362992
4549,9.754479776362992,9.754479776362992,9.754479776362992,9.754479776362992,9.754479776362992,9.754479776362992,9.754479776362992
4550,9.754479776362992,9.754479776362992,9.754479776362992,9.754479776362992,9.754479776362992,9.754479776362992,9.754479776362992
4551,9.754479776362992,9.754479776362992,9.754479776362992,9.754479776362992,9.754479776362992,9.754479776362992,9.754479776362992
4552,9.754479776362992,9.754479776362992,9.754479776362992,9.754479776362992,9.754479776362992,9.754479776362992,9.754479776362992
4553,9.754479776362992,9.754479776362992,9.754479776362992,9.754479776362992,9.754479776362992,9.754479776362992,9.754479776362992
4554,9.754479776362992,9.754479776362992,9.754479776362992,9.754479776362992,9.754479776362992,9.754479776362992,9.754479776362992
4555,9.754479776362992,9.754479776362992,9.754479776362992,9.754479776362992,9.754479776362992,9.754479776362992,9.754479776362992
4556,9.754479776362992,9.754479776362992,9.754479776362992,9.754479776362992,9.754479776362992,9.754479776362992,9.754479776362992
4557,9.754479776362992,9.754479776362992,9.754479776362992,9.754479776362992,9.754479776362992,9.754479776362992,9.754479776362992
4558,9.754479776362992,9.754479776362992,9.754479776362992,9.754479776362992,9.754479776362992,9.754479776362992,9.754479776362992
4559,9.754479776362992,9.754479776362992,9.754479776362992,9.754479776362992,9.754479776362992,9.754479776362992,9.754479776362992
4560,9.754479776362992,9.754479776362992,9.754479776362992,9.754479776362992,9.754479776362992,9.754479776362992,9.754479776362992
4561,9.754479776362992,9.754479776362992,9.754479776362992,9.754479776362992,9.754479776362992,9.754479776362992,9.754479776362992
4562,9.754479776362992,9.754479776362992,9.754479776362992,9.754479776362992,9.754479776362992,9.754479776362992,9.754479776362992
4563,9.754479776362992,9.754479776362992,9.754479776362992,9.754479776362992,9.754479776362992,9.754479776362992,9.754479776362992
4564,9.754479776362992,9.754479776362992,9.754479776362992,9.754479776362992,9.754479776362992,9.754479776362992,9.754479776362992
4565,9.754479776362992,9.754479776362992,9.754479776362992,9.754479776362992,9.754479776362992,9.754479776362992,9.754479776362992
4566,9.754479776362992,9.754479776362992,9.754479776362992,9.754479776362992,9.754479776362992,9.754479776362992,9.754479776362992
4567,9.754479776362992,9.754479776362992,9.754479776362992,9.754479776362992,9.754479776362992,9.754479776362992,9.754479776362992
4568,9.754479776362992,9.754479776362992,9.754479776362992,9.754479776362992,9.754479776362992,9.754479776362992,9.754479776362992
4569,9.754479776362992,9.754479776362992,9.754479776362992,9.754479776362992,9.754479776362992,9.754479776362992,9.754479776362992
4570,9.754479776362992,9.754479776362992,9.754479776362992,9.754479776362992,9.754479776362992,9.754479776362992,9.754479776362992
4571,9.754479776362992,9.754479776362992,9.754479776362992,9.754479776362992,9.754479776362992,9.754479776362992,9.754479776362992
4572,9.754479776362992,9.754479776362992,9.754479776362992,9.754479776362992,9.754479776362992,9.754479776362992,9.754479776362992
4573,9.754479776362992,9.754479776362992,9.754479776362992,9.754479776362992,9.754479776362992,9.754479776362992,9.754479776362992
4574,9.754479776362992,9.754479776362992,9.754479776362992,9.754479776362992,9.754479776362992,9.754479776362992,9.754479776362992
4575,9.754479776362992,9.754479776362992,9.754479776362992,9.754479776362992,9.754479776362992,9.754479776362992,9.754479776362992
4576,9.754479776362992,9.754479776362992,9.754479776362992,9.754479776362992,9.754479776362992,9.754479776362992,9.754479776362992
4577,9.754479776362992,9.754479776362992,9.754479776362992,9.754479776362992,9.754479776362992,9.754479776362992,9.754479776362992
4578,9.754479776362992,9.754479776362992,9.754479776362992,9.754479776362992,9.754479776362992,9.754479776362992,9.754479776362992
4579,9.754479776362992,9.754479776362992,9.754479776362992,9.754479776362992,9.754479776362992,9.754479776362992,9.754479776362992
4580,9.754479776362992,9.754479776362992,9.754479776362992,9.754479776362992,9.754479776362992,9.754479776362992,9.754479776362992
4581,9.754479776362992,9.754479776362992,9.754479776362992,9.754479776362992,9.754479776362992,9.754479776362992,9.754479776362992
4582,9.754479776362992,9.754479776362992,9.754479776362992,9.754479776362992,9.754479776362992,9.754479776362992,9.754479776362992
4583,9.754479776362992,9.754479776362992,9.754479776362992,9.754479776362992,9.754479776362992,9.754479776362992,9.754479776362992
4584,9.754479776362992,9.754479776362992,9.754479776362992,9.754479776362992,9.754479776362992,9.754479776362992,9.754479776362992
4585,9.754479776362992,9.754479776362992,9.754479776362992,9.754479776362992,9.754479776362992,9.754479776362992,9.754479776362992
4586,9.754479776362992,9.754479776362992,9.754479776362992,9.754479776362992,9.754479776362992,9.754479776362992,9.754479776362992
4587,9.754479776362992,9.754479776362992,9.754479776362992,9.754479776362992,9.754479776362992,9.754479776362992,9.754479776362992
4588,9.754479776362992,9.754479776362992,9.754479776362992,9.754479776362992,9.754479776362992,9.754479776362992,9.754479776362992
4589,9.754479776362992,9.754479776362992,9.754479776362992,9.754479776362992,9.754479776362992,9.754479776362992,9.754479776362992
4590,9.754479776362992,9.754479776362992,9.754479776362992,9.754479776362992,9.754479776362992,9.754479776362992,9.754479776362992
4591,9.754479776362992,9.754479776362992,9.754479776362992,9.754479776362992,9.754479776362992,9.754479776362992,9.754479776362992
4592,9.754479776362992,9.754479776362992,9.754479776362992,9.754479776362992,9.754479776362992,9.754479776362992,9.754479776362992
4593,9.754479776362992,9.754479776362992,9.754479776362992,9.754479776362992,9.754479776362992,9.754479776362992,9.754479776362992
4594,9.754479776362992,9.754479776362992,9.754479776362992,9.754479776362992,9.754479776362992,9.754479776362992,9.754479776362992
4595,9.754479776362992,9.754479776362992,9.754479776362992,9.754479776362992,9.754479776362992,9.754479776362992,9.754479776362992
4596,9.754479776362992,9.754479776362992,9.754479776362992,9.754479776362992,9.754479776362992,9.754479776362992,9.754479776362992
4597,9.754479776362992,9.754479776362992,9.754479776362992,9.754479776362992,9.754479776362992,9.754479776362992,9.754479776362992
4598,9.754479776362992,9.754479776362992,9.754479776362992,9.754479776362992,9.754479776362992,9.754479776362992,9.754479776362992
4599,9.754479776362992,9.754479776362992,9.754479776362992,9.754479776362992,9.754479776362992,9.754479776362992,9.754479776362992
4600,9.754479776362992,9.754479776362992,9.754479776362992,9.754479776362992,9.754479776362992,9.754479776362992,9.754479776362992
4601,9.754479776362992,9.754479776362992,9.754479776362992,9.754479776362992,9.754479776362992,9.754479776362992,9.754479776362992
4602,9.754479776362992,9.754479776362992,9.754479776362992,9.754479776362992,9.754479776362992,9.754479776362992,9.754479776362992
4603,9.754479776362992,9.754479776362992,9.754479776362992,9.754479776362992,9.754479776362992,9.754479776362992,9.754479776362992
4604,9.754479776362992,9.754479776362992,9.754479776362992,9.754479776362992,9.754479776362992,9.754479776362992,9.754479776362992
4605,9.754479776362992,9.754479776362992,9.754479776362992,9.754479776362992,9.754479776362992,9.754479776362992,9.754479776362992
4606,9.754479776362992,9.754479776362992,9.754479776362992,9.754479776362992,9.754479776362992,9.754479776362992,9.754479776362992
4607,9.754479776362992,9.754479776362992,9.754479776362992,9.754479776362992,9.754479776362992,9.754479776362992,9.754479776362992
4608,9.754479776362992,9.754479776362992,9.754479776362992,9.754479776362992,9.754479776362992,9.754479776362992,9.754479776362992
4609,9.754479776362992,9.754479776362992,9.754479776362992,9.754479776362992,9.754479776362992,9.754479776362992,9.754479776362992
4610,9.754479776362992,9.754479776362992,9.754479776362992,9.754479776362992,9.754479776362992,9.754479776362992,9.754479776362992
4611,9.754479776362992,9.754479776362992,9.754479776362992,9.754479776362992,9.754479776362992,9.754479776362992,9.754479776362992
4612,9.754479776362992,9.754479776362992,9.754479776362992,9.754479776362992,9.754479776362992,9.754479776362992,9.754479776362992
4613,9.754479776362992,9.754479776362992,9.754479776362992,9.754479776362992,9.754479776362992,9.754479776362992,9.754479776362992
4614,9.754479776362992,9.754479776362992,9.754479776362992,9.754479776362992,9.754479776362992,9.754479776362992,9.754479776362992
4615,9.754479776362992,9.754479776362992,9.754479776362992,9.754479776362992,9.754479776362992,9.754479776362992,9.754479776362992
4616,9.754479776362992,9.754479776362992,9.754479776362992,9.754479776362992,9.754479776362992,9.754479776362992,9.754479776362992
4617,9.754479776362992,9.754479776362992,9.754479776362992,9.754479776362992,9.754479776362992,9.754479776362992,9.754479776362992
4618,9.754479776362992,9.754479776362992,9.754479776362992,9.754479776362992,9.754479776362992,9.754479776362992,9.754479776362992
4619,9.754479776362992,9.754479776362992,9.754479776362992,9.754479776362992,9.754479776362992,9.754479776362992,9.754479776362992
4620,9.754479776362992,9.754479776362992,9.754479776362992,9.754479776362992,9.754479776362992,9.754479776362992,9.754479776362992
4621,9.754479776362992,9.754479776362992,9.754479776362992,9.754479776362992,9.754479776362992,9.754479776362992,9.754479776362992
4622,9.754479776362992,9.754479776362992,9.754479776362992,9.754479776362992,9.754479776362992,9.754479776362992,9.754479776362992
4623,9.754479776362992,9.754479776362992,9.754479776362992,9.754479776362992,9.754479776362992,9.754479776362992,9.754479776362992
4624,9.754479776362992,9.754479776362992,9.754479776362992,9.754479776362992,9.754479776362992,9.754479776362992,9.754479776362992
4625,32.514932587876636,32.514932587876636,32.514932587876636,32.514932587876636,32.514932587876636,32.514932587876636,32.514932587876636
4626,32.514932587876636,32.514932587876636,32.514932587876636,32.514932587876636,32.514932587876636,32.514932587876636,32.514932587876636
4627,32.514932587876636,32.514932587876636,32.514932587876636,32.514932587876636,32.514932587876636,32.514932587876636,32.514932587876636
4628,32.514932587876636,32.514932587876636,32.514932587876636,32.514932587876636,32.514932587876636,32.514932587876636,32.514932587876636
4629,32.514932587876636,32.514932587876636,32.514932587876636,32.514932587876636,32.514932587876636,32.514932587876636,32.514932587876636
4630,32.514932587876636,32.514932587876636,32.514932587876636,32.514932587876636,32.514932587876636,32.514932587876636,32.514932587876636
4631,32.514932587876636,32.514932587876636,32.514932587876636,32.514932587876636,32.514932587876636,32.514932587876636,32.514932587876636
4632,32.514932587876636,32.514932587876636,32.514932587876636,32.514932587876636,32.514932587876636,32.514932587876636,32.514932587876636
4633,32.514932587876636,32.514932587876636,32.514932587876636,32.514932587876636,32.514932587876636,32.514932587876636,32.514932587876636
4634,32.514932587876636,32.514932587876636,32.514932587876636,32.514932587876636,32.514932587876636,32.514932587876636,32.514932587876636
4635,32.514932587876636,32.514932587876636,32.514932587876636,32.514932587876636,32.514932587876636,32.514932587876636,32.514932587876636
4636,32.514932587876636,32.514932587876636,32.514932587876636,32.514932587876636,32.514932587876636,32.514932587876636,32.514932587876636
4637,32.514932587876636,32.514932587876636,32.514932587876636,32.514932587876636,32.514932587876636,32.514932587876636,32.514932587876636
4638,32.514932587876636,32.514932587876636,32.514932587876636,32.514932587876636,32.514932587876636,32.514932587876636,32.514932587876636
4639,32.514932587876636,32.514932587876636,32.514932587876636,32.514932587876636,32.514932587876636,32.514932587876636,32.514932587876636
4640,32.514932587876636,32.514932587876636,32.514932587876636,32.514932587876636,32.514932587876636,32.514932587876636,32.514932587876636
4641,32.514932587876636,32.514932587876636,32.514932587876636,32.514932587876636,32.514932587876636,32.514932587876636,32.514932587876636
4642,32.514932587876636,32.514932587876636,32.514932587876636,32.514932587876636,32.514932587876636,32.514932587876636,32.514932587876636
4643,32.514932587876636,32.514932587876636,32.514932587876636,32.514932587876636,32.514932587876636,32.514932587876636,32.514932587876636
4644,32.514932587876636,32.514932587876636,32.514932587876636,32.514932587876636,32.514932587876636,32.514932587876636,32.514932587876636
4645,32.514932587876636,32.514932587876636,32.514932587876636,32.514932587876636,32.514932587876636,32.514932587876636,32.514932587876636
4646,32.514932587876636,32.514932587876636,32.514932587876636,32.514932587876636,32.514932587876636,32.514932587876636,32.514932587876636
4647,32.514932587876636,32.514932587876636,32.514932587876636,32.514932587876636,32.514932587876636,32.514932587876636,32.514932587876636
4648,32.514932587876636,32.514932587876636,32.514932587876636,32.514932587876636,32.514932587876636,32.514932587876636,32.514932587876636
4649,32.514932587876636,32.514932587876636,32.514932587876636,32.514932587876636,32.514932587876636,32.514932587876636,32.514932587876636
4650,32.514932587876636,32.514932587876636,32.514932587876636,32.514932587876636,32.514932587876636,32.514932587876636,32.514932587876636
4651,32.514932587876636,32.514932587876636,32.514932587876636,32.514932587876636,32.514932587876636,32.514932587876636,32.514932587876636
4652,32.514932587876636,32.514932587876636,32.514932587876636,32.514932587876636,32.514932587876636,32.514932587876636,32.514932587876636
4653,32.514932587876636,32.514932587876636,32.514932587876636,32.514932587876636,32.514932587876636,32.514932587876636,32.514932587876636
4654,32.514932587876636,32.514932587876636,32.514932587876636,32.514932587876636,32.514932587876636,32.514932587876636,32.514932587876636
4655,32.514932587876636,32.514932587876636,32.514932587876636,32.514932587876636,32.514932587876636,32.514932587876636,32.514932587876636
4656,32.514932587876636,32.514932587876636,32.514932587876636,32.514932587876636,32.514932587876636,32.514932587876636,32.514932587876636
4657,32.514932587876636,32.514932587876636,32.514932587876636,32.514932587876636,32.514932587876636,32.514932587876636,32.514932587876636
4658,32.514932587876636,32.514932587876636,32.514932587876636,32.514932587876636,32.514932587876636,32.514932587876636,32.514932587876636
4659,32.514932587876636,32.514932587876636,32.514932587876636,32.514932587876636,32.514932587876636,32.514932587876636,32.514932587876636
4660,32.514932587876636,32.514932587876636,32.514932587876636,32.514932587876636,32.514932587876636,32.514932587876636,32.514932587876636
4661,32.514932587876636,32.514932587876636,32.514932587876636,32.514932587876636,32.514932587876636,32.514932587876636,32.514932587876636
4662,32.514932587876636,32.514932587876636,32.514932587876636,32.514932587876636,32.514932587876636,32.514932587876636,32.514932587876636
4663,32.514932587876636,32.514932587876636,32.514932587876636,32.514932587876636,32.514932587876636,32.514932587876636,32.514932587876636
4664,32.514932587876636,32.514932587876636,32.514932587876636,32.514932587876636,32.514932587876636,32.514932587876636,32.514932587876636
4665,32.514932587876636,32.514932587876636,32.514932587876636,32.514932587876636,32.514932587876636,32.514932587876636,32.514932587876636
4666,32.514932587876636,32.514932587876636,32.514932587876636,32.514932587876636,32.514932587876636,32.514932587876636,32.514932587876636
4667,32.514932587876636,32.514932587876636,32.514932587876636,32.514932587876636,32.514932587876636,32.514932587876636,32.514932587876636
4668,32.514932587876636,32.514932587876636,32.514932587876636,32.514932587876636,32.514932587876636,32.514932587876636,32.514932587876636
4669,32.514932587876636,32.514932587876636,32.514932587876636,32.514932587876636,32.514932587876636,32.514932587876636,32.514932587876636
4670,32.514932587876636,32.514932587876636,32.514932587876636,32.514932587876636,32.514932587876636,32.514932587876636,32.514932587876636
4671,32.514932587876636,32.514932587876636,32.514932587876636,32.514932587876636,32.514932587876636,32.514932587876636,32.514932587876636
4672,32.514932587876636,32.514932587876636,32.514932587876636,32.514932587876636,32.514932587876636,32.514932587876636,32.514932587876636
4673,32.514932587876636,32.514932587876636,32.514932587876636,32.514932587876636,32.514932587876636,32.514932587876636,32.514932587876636
4674,32.514932587876636,32.514932587876636,32.514932587876636,32.514932587876636,32.514932587876636,32.514932587876636,32.514932587876636
4675,32.514932587876636,32.514932587876636,32.514932587876636,32.514932587876636,32.514932587876636,32.514932587876636,32.514932587876636
4676,32.514932587876636,32.514932587876636,32.514932587876636,32.514932587876636,32.514932587876636,32.514932587876636,32.514932587876636
4677,32.514932587876636,32.514932587876636,32.514932587876636,32.514932587876636,32.514932587876636,32.514932587876636,32.514932587876636
4678,32.514932587876636,32.514932587876636,32.514932587876636,32.514932587876636,32.514932587876636,32.514932587876636,32.514932587876636
4679,32.514932587876636,32.514932587876636,32.514932587876636,32.514932587876636,32.514932587876636,32.514932587876636,32.514932587876636
4680,32.514932587876636,32.514932587876636,32.514932587876636,32.514932587876636,32.514932587876636,32.514932587876636,32.514932587876636
4681,32.514932587876636,32.514932587876636,32.514932587876636,32.514932587876636,32.514932587876636,32.514932587876636,32.514932587876636
4682,32.514932587876636,32.514932587876636,32.514932587876636,32.514932587876636,32.514932587876636,32.514932587876636,32.514932587876636
4683,32.514932587876636,32.514932587876636,32.514932587876636,32.514932587876636,32.514932587876636,32.514932587876636,32.514932587876636
4684,32.514932587876636,32.514932587876636,32.514932587876636,32.514932587876636,32.514932587876636,32.514932587876636,32.514932587876636
4685,32.514932587876636,32.514932587876636,32.514932587876636,32.514932587876636,32.514932587876636,32.514932587876636,32.514932587876636
4686,32.514932587876636,32.514932587876636,32.514932587876636,32.514932587876636,32.514932587876636,32.514932587876636,32.514932587876636
4687,32.514932587876636,32.514932587876636,32.514932587876636,32.514932587876636,32.514932587876636,32.514932587876636,32.514932587876636
4688,32.514932587876636,32.514932587876636,32.514932587876636,32.514932587876636,32.514932587876636,32.514932587876636,32.514932587876636
4689,32.514932587876636,32.514932587876636,32.514932587876636,32.514932587876636,32.514932587876636,32.514932587876636,32.514932587876636
4690,32.514932587876636,32.514932587876636,32.514932587876636,32.514932587876636,32.514932587876636,32.514932587876636,32.514932587876636
4691,32.514932587876636,32.514932587876636,32.514932587876636,32.514932587876636,32.514932587876636,32.514932587876636,32.514932587876636
4692,32.514932587876636,32.514932587876636,32.514932587876636,32.514932587876636,32.514932587876636,32.514932587876636,32.514932587876636
4693,32.514932587876636,32.514932587876636,32.514932587876636,32.514932587876636,32.514932587876636,32.514932587876636,32.514932587876636
4694,32.514932587876636,32.514932587876636,32.514932587876636,32.514932587876636,32.514932587876636,32.514932587876636,32.514932587876636
4695,32.514932587876636,32.514932587876636,32.514932587876636,32.514932587876636,32.514932587876636,32.514932587876636,32.514932587876636
4696,32.514932587876636,32.514932587876636,32.514932587876636,32.514932587876636,32.514932587876636,32.514932587876636,32.514932587876636
4697,32.514932587876636,32.514932587876636,32.514932587876636,32.514932587876636,32.514932587876636,32.514932587876636,32.514932587876636
4698,32.514932587876636,32.514932587876636,32.514932587876636,32.514932587876636,32.514932587876636,32.514932587876636,32.514932587876636
4699,32.514932587876636,32.514932587876636,32.514932587876636,32.514932587876636,32.514932587876636,32.514932587876636,32.514932587876636
4700,32.514932587876636,32.514932587876636,32.514932587876636,32.514932587876636,32.514932587876636,32.514932587876636,32.514932587876636
4701,32.514932587876636,32.514932587876636,32.514932587876636,32.514932587876636,32.514932587876636,32.514932587876636,32.514932587876636
4702,32.514932587876636,32.514932587876636,32.514932587876636,32.514932587876636,32.514932587876636,32.514932587876636,32.514932587876636
4703,32.514932587876636,32.514932587876636,32.514932587876636,32.514932587876636,32.514932587876636,32.514932587876636,32.514932587876636
4704,32.514932587876636,32.514932587876636,32.514932587876636,32.514932587876636,32.514932587876636,32.514932587876636,32.514932587876636
4705,32.514932587876636,32.514932587876636,32.514932587876636,32.514932587876636,32.514932587876636,32.514932587876636,32.514932587876636
4706,32.514932587876636,32.514932587876636,32.514932587876636,32.514932587876636,32.514932587876636,32.514932587876636,32.514932587876636
4707,32.514932587876636,32.514932587876636,32.514932587876636,32.514932587876636,32.514932587876636,32.514932587876636,32.514932587876636
4708,32.514932587876636,32.514932587876636,32.514932587876636,32.514932587876636,32.514932587876636,32.514932587876636,32.514932587876636
4709,32.514932587876636,32.514932587876636,32.514932587876636,32.514932587876636,32.514932587876636,32.514932587876636,32.514932587876636
4710,32.514932587876636,32.514932587876636,32.514932587876636,32.514932587876636,32.514932587876636,32.514932587876636,32.514932587876636
4711,32.514932587876636,32.514932587876636,32.514932587876636,32.514932587876636,32.514932587876636,32.514932587876636,32.514932587876636
4712,32.514932587876636,32.514932587876636,32.514932587876636,32.514932587876636,32.514932587876636,32.514932587876636,32.514932587876636
4713,32.514932587876636,32.514932587876636,32.514932587876636,32.514932587876636,32.514932587876636,32.514932587876636,32.514932587876636
4714,32.514932587876636,32.514932587876636,32.514932587876636,32.514932587876636,32.514932587876636,32.514932587876636,32.514932587876636
4715,32.514932587876636,32.514932587876636,32.514932587876636,32.514932587876636,32.514932587876636,32.514932587876636,32.514932587876636
4716,32.514932587876636,32.514932587876636,32.514932587876636,32.514932587876636,32.514932587876636,32.514932587876636,32.514932587876636
4717,32.514932587876636,32.514932587876636,32.514932587876636,32.514932587876636,32.514932587876636,32.514932587876636,32.514932587876636
4718,32.514932587876636,32.514932587876636,32.514932587876636,32.514932587876636,32.514932587876636,32.514932587876636,32.514932587876636
4719,32.514932587876636,32.514932587876636,32.514932587876636,32.514932587876636,32.514932587876636,32.514932587876636,32.514932587876636
4720,32.514932587876636,32.514932587876636,32.514932587876636,32.514932587876636,32.514932587876636,32.514932587876636,32.514932587876636
4721,32.514932587876636,32.514932587876636,32.514932587876636,32.514932587876636,32.514932587876636,32.514932587876636,32.514932587876636
4722,32.514932587876636,32.514932587876636,32.514932587876636,32.514932587876636,32.514932587876636,32.514932587876636,32.514932587876636
4723,32.514932587876636,32.514932587876636,32.514932587876636,32.514932587876636,32.514932587876636,32.514932587876636,32.514932587876636
4724,32.514932587876636,32.514932587876636,32.514932587876636,32.514932587876636,32.514932587876636,32.514932587876636,32.514932587876636
4725,32.514932587876636,32.514932587876636,32.514932587876636,32.514932587876636,32.514932587876636,32.514932587876636,32.514932587876636
4726,32.514932587876636,32.514932587876636,32.514932587876636,32.514932587876636,32.514932587876636,32.514932587876636,32.514932587876636
4727,32.514932587876636,32.514932587876636,32.514932587876636,32.514932587876636,32.514932587876636,32.514932587876636,32.514932587876636
4728,32.514932587876636,32.514932587876636,32.514932587876636,32.514932587876636,32.514932587876636,32.514932587876636,32.514932587876636
4729,32.514932587876636,32.514932587876636,32.514932587876636,32.514932587876636,32.514932587876636,32.514932587876636,32.514932587876636
4730,32.514932587876636,32.514932587876636,32.514932587876636,32.514932587876636,32.514932587876636,32.514932587876636,32.514932587876636
4731,32.514932587876636,32.514932587876636,32.514932587876636,32.514932587876636,32.514932587876636,32.514932587876636,32.514932587876636
4732,32.514932587876636,32.514932587876636,32.514932587876636,32.514932587876636,32.514932587876636,32.514932587876636,32.514932587876636
4733,32.514932587876636,32.514932587876636,32.514932587876636,32.514932587876636,32.514932587876636,32.514932587876636,32.514932587876636
4734,32.514932587876636,32.514932587876636,32.514932587876636,32.514932587876636,32.514932587876636,32.514932587876636,32.514932587876636
4735,32.514932587876636,32.514932587876636,32.514932587876636,32.514932587876636,32.514932587876636,32.514932587876636,32.514932587876636
4736,32.514932587876636,32.514932587876636,32.514932587876636,32.514932587876636,32.514932587876636,32.514932587876636,32.514932587876636
4737,32.514932587876636,32.514932587876636,32.514932587876636,32.514932587876636,32.514932587876636,32.514932587876636,32.514932587876636
4738,32.514932587876636,32.514932587876636,32.514932587876636,32.514932587876636,32.514932587876636,32.514932587876636,32.514932587876636
4739,32.514932587876636,32.514932587876636,32.514932587876636,32.514932587876636,32.514932587876636,32.514932587876636,32.514932587876636
4740,32.514932587876636,32.514932587876636,32.514932587876636,32.514932587876636,32.514932587876636,32.514932587876636,32.514932587876636
4741,32.514932587876636,32.514932587876636,32.514932587876636,32.514932587876636,32.514932587876636,32.514932587876636,32.514932587876636
4742,32.514932587876636,32.514932587876636,32.514932587876636,32.514932587876636,32.514932587876636,32.514932587876636,32.514932587876636
4743,32.514932587876636,32.514932587876636,32.514932587876636,32.514932587876636,32.514932587876636,32.514932587876636,32.514932587876636
4744,32.514932587876636,32.514932587876636,32.514932587876636,32.514932587876636,32.514932587876636,32.514932587876636,32.514932587876636
4745,32.514932587876636,32.514932587876636,32.514932587876636,32.514932587876636,32.514932587876636,32.514932587876636,32.514932587876636
4746,32.514932587876636,32.514932587876636,32.514932587876636,32.514932587876636,32.514932587876636,32.514932587876636,32.514932587876636
4747,9.754479776362992,9.754479776362992,9.754479776362992,9.754479776362992,9.754479776362992,9.754479776362992,9.754479776362992
4748,9.754479776362992,9.754479776362992,9.754479776362992,9.754479776362992,9.754479776362992,9.754479776362992,9.754479776362992
4749,9.754479776362992,9.754479776362992,9.754479776362992,9.754479776362992,9.754479776362992,9.754479776362992,9.754479776362992
4750,9.754479776362992,9.754479776362992,9.754479776362992,9.754479776362992,9.754479776362992,9.754479776362992,9.754479776362992
4751,9.754479776362992,9.754479776362992,9.754479776362992,9.754479776362992,9.754479776362992,9.754479776362992,9.754479776362992
4752,9.754479776362992,9.754479776362992,9.754479776362992,9.754479776362992,9.754479776362992,9.754479776362992,9.754479776362992
4753,9.754479776362992,9.754479776362992,9.754479776362992,9.754479776362992,9.754479776362992,9.754479776362992,9.754479776362992
4754,9.754479776362992,9.754479776362992,9.754479776362992,9.754479776362992,9.754479776362992,9.754479776362992,9.754479776362992
4755,9.754479776362992,9.754479776362992,9.754479776362992,9.754479776362992,9.754479776362992,9.754479776362992,9.754479776362992
4756,9.754479776362992,9.754479776362992,9.754479776362992,9.754479776362992,9.754479776362992,9.754479776362992,9.754479776362992
4757,9.754479776362992,9.754479776362992,9.754479776362992,9.754479776362992,9.754479776362992,9.754479776362992,9.754479776362992
4758,9.754479776362992,9.754479776362992,9.754479776362992,9.754479776362992,9.754479776362992,9.754479776362992,9.754479776362992
4759,9.754479776362992,9.754479776362992,9.754479776362992,9.754479776362992,9.754479776362992,9.754479776362992,9.754479776362992
4760,9.754479776362992,9.754479776362992,9.754479776362992,9.754479776362992,9.754479776362992,9.754479776362992,9.754479776362992
4761,9.754479776362992,9.754479776362992,9.754479776362992,9.754479776362992,9.754479776362992,9.754479776362992,9.754479776362992
4762,9.754479776362992,9.754479776362992,9.754479776362992,9.754479776362992,9.754479776362992,9.754479776362992,9.754479776362992
4763,9.754479776362992,9.754479776362992,9.754479776362992,9.754479776362992,9.754479776362992,9.754479776362992,9.754479776362992
4764,9.754479776362992,9.754479776362992,9.754479776362992,9.754479776362992,9.754479776362992,9.754479776362992,9.754479776362992
4765,9.754479776362992,9.754479776362992,9.754479776362992,9.754479776362992,9.754479776362992,9.754479776362992,9.754479776362992
4766,9.754479776362992,9.754479776362992,9.754479776362992,9.754479776362992,9.754479776362992,9.754479776362992,9.754479776362992
4767,94.15550286081013,94.15550286081013,94.15550286081013,94.15550286081013,94.15550286081013,94.15550286081013,94.15550286081013
4768,325.9744135769639,325.9744135769639,325.9744135769639,325.9744135769639,325.9744135769639,325.9744135769639,325.9744135769639
4769,668.3261775852563,668.3261775852563,668.3261775852563,668.3261775852563,668.3261775852563,668.3261775852563,668.3261775852563
4770,747.5803249139985,747.5803249139985,747.5803249139985,747.5803249139985,747.5803249139985,747.5803249139985,747.5803249139985
4771,1020.8988961423742,1020.8988961423742,1020.8988961423742,1020.8988961423742,1020.8988961423742,1020.8988961423742,1020.8988961423742
4772,1421.8940840642242,1421.8940840642242,1421.8940840642242,1421.8940840642242,1421.8940840642242,1421.8940840642242,1421.8940840642242
4773,1632.501817713071,1632.501817713071,1632.501817713071,1632.501817713071,1632.501817713071,1632.501817713071,1632.501817713071
4774,1713.996778491954,1713.996778491954,1713.996778491954,1713.996778491954,1713.996778491954,1713.996778491954,1713.996778491954
4775,1716.912130890378,1716.912130890378,1716.912130890378,1716.912130890378,1716.912130890378,1716.912130890378,1716.912130890378
4776,1704.0089845782825,1704.0089845782825,1704.0089845782825,1704.0089845782825,1704.0089845782825,1704.0089845782825,1704.0089845782825
4777,1670.272157888077,1670.272157888077,1670.272157888077,1670.272157888077,1670.272157888077,1670.272157888077,1670.272157888077
4778,9.754479776362992,9.754479776362992,9.754479776362992,9.754479776362992,9.754479776362992,9.754479776362992,9.754479776362992
4779,9.754479776362992,9.754479776362992,9.754479776362992,9.754479776362992,9.754479776362992,9.754479776362992,9.754479776362992
4780,9.754479776362992,9.754479776362992,9.754479776362992,9.754479776362992,9.754479776362992,9.754479776362992,9.754479776362992
4781,9.754479776362992,9.754479776362992,9.754479776362992,9.754479776362992,9.754479776362992,9.754479776362992,9.754479776362992
4782,9.754479776362992,9.754479776362992,9.754479776362992,9.754479776362992,9.754479776362992,9.754479776362992,9.754479776362992
4783,9.754479776362992,9.754479776362992,9.754479776362992,9.754479776362992,9.754479776362992,9.754479776362992,9.754479776362992
4784,9.754479776362992,9.754479776362992,9.754479776362992,9.754479776362992,9.754479776362992,9.754479776362992,9.754479776362992
4785,9.754479776362992,9.754479776362992,9.754479776362992,9.754479776362992,9.754479776362992,9.754479776362992,9.754479776362992
4786,9.754479776362992,9.754479776362992,9.754479776362992,9.754479776362992,9.754479776362992,9.754479776362992,9.754479776362992
4787,9.754479776362992,9.754479776362992,9.754479776362992,9.754479776362992,9.754479776362992,9.754479776362992,9.754479776362992
4788,9.754479776362992,9.754479776362992,9.754479776362992,9.754479776362992,9.754479776362992,9.754479776362992,9.754479776362992
4789,9.754479776362992,9.754479776362992,9.754479776362992,9.754479776362992,9.754479776362992,9.754479776362992,9.754479776362992
4790,9.754479776362992,9.754479776362992,9.754479776362992,9.754479776362992,9.754479776362992,9.754479776362992,9.754479776362992
4791,9.754479776362992,9.754479776362992,9.754479776362992,9.754479776362992,9.754479776362992,9.754479776362992,9.754479776362992
4792,9.754479776362992,9.754479776362992,9.754479776362992,9.754479776362992,9.754479776362992,9.754479776362992,9.754479776362992
4793,9.754479776362992,9.754479776362992,9.754479776362992,9.754479776362992,9.754479776362992,9.754479776362992,9.754479776362992
4794,9.754479776362992,9.754479776362992,9.754479776362992,9.754479776362992,9.754479776362992,9.754479776362992,9.754479776362992
4795,9.754479776362992,9.754479776362992,9.754479776362992,9.754479776362992,9.754479776362992,9.754479776362992,9.754479776362992
4796,9.754479776362992,9.754479776362992,9.754479776362992,9.754479776362992,9.754479776362992,9.754479776362992,9.754479776362992
4797,9.754479776362992,9.754479776362992,9.754479776362992,9.754479776362992,9.754479776362992,9.754479776362992,9.754479776362992
4798,9.754479776362992,9.754479776362992,9.754479776362992,9.754479776362992,9.754479776362992,9.754479776362992,9.754479776362992
4799,9.754479776362992,9.754479776362992,9.754479776362992,9.754479776362992,9.754479776362992,9.754479776362992,9.754479776362992
4800,9.754479776362992,9.754479776362992,9.754479776362992,9.754479776362992,9.754479776362992,9.754479776362992,9.754479776362992
4801,9.754479776362992,9.754479776362992,9.754479776362992,9.754479776362992,9.754479776362992,9.754479776362992,9.754479776362992
4802,9.754479776362992,9.754479776362992,9.754479776362992,9.754479776362992,9.754479776362992,9.754479776362992,9.754479776362992
4803,9.754479776362992,9.754479776362992,9.754479776362992,9.754479776362992,9.754479776362992,9.754479776362992,9.754479776362992
4804,9.754479776362992,9.754479776362992,9.754479776362992,9.754479776362992,9.754479776362992,9.754479776362992,9.754479776362992
4805,9.754479776362992,9.754479776362992,9.754479776362992,9.754479776362992,9.754479776362992,9.754479776362992,9.754479776362992
4806,9.754479776362992,9.754479776362992,9.754479776362992,9.754479776362992,9.754479776362992,9.754479776362992,9.754479776362992
4807,9.754479776362992,9.754479776362992,9.754479776362992,9.754479776362992,9.754479776362992,9.754479776362992,9.754479776362992
4808,9.754479776362992,9.754479776362992,9.754479776362992,9.754479776362992,9.754479776362992,9.754479776362992,9.754479776362992
4809,9.754479776362992,9.754479776362992,9.754479776362992,9.754479776362992,9.754479776362992,9.754479776362992,9.754479776362992
4810,9.754479776362992,9.754479776362992,9.754479776362992,9.754479776362992,9.754479776362992,9.754479776362992,9.754479776362992
4811,9.754479776362992,9.754479776362992,9.754479776362992,9.754479776362992,9.754479776362992,9.754479776362992,9.754479776362992
4812,9.754479776362992,9.754479776362992,9.754479776362992,9.754479776362992,9.754479776362992,9.754479776362992,9.754479776362992
4813,9.754479776362992,9.754479776362992,9.754479776362992,9.754479776362992,9.754479776362992,9.754479776362992,9.754479776362992
4814,9.754479776362992,9.754479776362992,9.754479776362992,9.754479776362992,9.754479776362992,9.754479776362992,9.754479776362992
4815,9.754479776362992,9.754479776362992,9.754479776362992,9.754479776362992,9.754479776362992,9.754479776362992,9.754479776362992
4816,9.754479776362992,9.754479776362992,9.754479776362992,9.754479776362992,9.754479776362992,9.754479776362992,9.754479776362992
4817,9.754479776362992,9.754479776362992,9.754479776362992,9.754479776362992,9.754479776362992,9.754479776362992,9.754479776362992
4818,9.754479776362992,9.754479776362992,9.754479776362992,9.754479776362992,9.754479776362992,9.754479776362992,9.754479776362992
4819,9.754479776362992,9.754479776362992,9.754479776362992,9.754479776362992,9.754479776362992,9.754479776362992,9.754479776362992
4820,9.754479776362992,9.754479776362992,9.754479776362992,9.754479776362992,9.754479776362992,9.754479776362992,9.754479776362992
4821,9.754479776362992,9.754479776362992,9.754479776362992,9.754479776362992,9.754479776362992,9.754479776362992,9.754479776362992
4822,9.754479776362992,9.754479776362992,9.754479776362992,9.754479776362992,9.754479776362992,9.754479776362992,9.754479776362992
4823,9.754479776362992,9.754479776362992,9.754479776362992,9.754479776362992,9.754479776362992,9.754479776362992,9.754479776362992
4824,9.754479776362992,9.754479776362992,9.754479776362992,9.754479776362992,9.754479776362992,9.754479776362992,9.754479776362992
4825,9.754479776362992,9.754479776362992,9.754479776362992,9.754479776362992,9.754479776362992,9.754479776362992,9.754479776362992
4826,9.754479776362992,9.754479776362992,9.754479776362992,9.754479776362992,9.754479776362992,9.754479776362992,9.754479776362992
4827,9.754479776362992,9.754479776362992,9.754479776362992,9.754479776362992,9.754479776362992,9.754479776362992,9.754479776362992
4828,9.754479776362992,9.754479776362992,9.754479776362992,9.754479776362992,9.754479776362992,9.754479776362992,9.754479776362992
4829,9.754479776362992,9.754479776362992,9.754479776362992,9.754479776362992,9.754479776362992,9.754479776362992,9.754479776362992
4830,9.754479776362992,9.754479776362992,9.754479776362992,9.754479776362992,9.754479776362992,9.754479776362992,9.754479776362992
4831,9.754479776362992,9.754479776362992,9.754479776362992,9.754479776362992,9.754479776362992,9.754479776362992,9.754479776362992
4832,9.754479776362992,9.754479776362992,9.754479776362992,9.754479776362992,9.754479776362992,9.754479776362992,9.754479776362992
4833,9.754479776362992,9.754479776362992,9.754479776362992,9.754479776362992,9.754479776362992,9.754479776362992,9.754479776362992
4834,9.754479776362992,9.754479776362992,9.754479776362992,9.754479776362992,9.754479776362992,9.754479776362992,9.754479776362992
4835,9.754479776362992,9.754479776362992,9.754479776362992,9.754479776362992,9.754479776362992,9.754479776362992,9.754479776362992
4836,9.754479776362992,9.754479776362992,9.754479776362992,9.754479776362992,9.754479776362992,9.754479776362992,9.754479776362992
4837,9.754479776362992,9.754479776362992,9.754479776362992,9.754479776362992,9.754479776362992,9.754479776362992,9.754479776362992
4838,9.754479776362992,9.754479776362992,9.754479776362992,9.754479776362992,9.754479776362992,9.754479776362992,9.754479776362992
4839,9.754479776362992,9.754479776362992,9.754479776362992,9.754479776362992,9.754479776362992,9.754479776362992,9.754479776362992
4840,9.754479776362992,9.754479776362992,9.754479776362992,9.754479776362992,9.754479776362992,9.754479776362992,9.754479776362992
4841,9.754479776362992,9.754479776362992,9.754479776362992,9.754479776362992,9.754479776362992,9.754479776362992,9.754479776362992
4842,9.754479776362992,9.754479776362992,9.754479776362992,9.754479776362992,9.754479776362992,9.754479776362992,9.754479776362992
4843,9.754479776362992,9.754479776362992,9.754479776362992,9.754479776362992,9.754479776362992,9.754479776362992,9.754479776362992
4844,9.754479776362992,9.754479776362992,9.754479776362992,9.754479776362992,9.754479776362992,9.754479776362992,9.754479776362992
4845,9.754479776362992,9.754479776362992,9.754479776362992,9.754479776362992,9.754479776362992,9.754479776362992,9.754479776362992
4846,9.754479776362992,9.754479776362992,9.754479776362992,9.754479776362992,9.754479776362992,9.754479776362992,9.754479776362992
4847,9.754479776362992,9.754479776362992,9.754479776362992,9.754479776362992,9.754479776362992,9.754479776362992,9.754479776362992
4848,9.754479776362992,9.754479776362992,9.754479776362992,9.754479776362992,9.754479776362992,9.754479776362992,9.754479776362992
4849,9.754479776362992,9.754479776362992,9.754479776362992,9.754479776362992,9.754479776362992,9.754479776362992,9.754479776362992
4850,9.754479776362992,9.754479776362992,9.754479776362992,9.754479776362992,9.754479776362992,9.754479776362992,9.754479776362992
4851,9.754479776362992,9.754479776362992,9.754479776362992,9.754479776362992,9.754479776362992,9.754479776362992,9.754479776362992
4852,9.754479776362992,9.754479776362992,9.754479776362992,9.754479776362992,9.754479776362992,9.754479776362992,9.754479776362992
4853,9.754479776362992,9.754479776362992,9.754479776362992,9.754479776362992,9.754479776362992,9.754479776362992,9.754479776362992
4854,9.754479776362992,9.754479776362992,9.754479776362992,9.754479776362992,9.754479776362992,9.754479776362992,9.754479776362992
4855,9.754479776362992,9.754479776362992,9.754479776362992,9.754479776362992,9.754479776362992,9.754479776362992,9.754479776362992
4856,9.754479776362992,9.754479776362992,9.754479776362992,9.754479776362992,9.754479776362992,9.754479776362992,9.754479776362992
4857,9.754479776362992,9.754479776362992,9.754479776362992,9.754479776362992,9.754479776362992,9.754479776362992,9.754479776362992
4858,9.754479776362992,9.754479776362992,9.754479776362992,9.754479776362992,9.754479776362992,9.754479776362992,9.754479776362992
4859,9.754479776362992,9.754479776362992,9.754479776362992,9.754479776362992,9.754479776362992,9.754479776362992,9.754479776362992
4860,9.754479776362992,9.754479776362992,9.754479776362992,9.754479776362992,9.754479776362992,9.754479776362992,9.754479776362992
4861,9.754479776362992,9.754479776362992,9.754479776362992,9.754479776362992,9.754479776362992,9.754479776362992,9.754479776362992
4862,9.754479776362992,9.754479776362992,9.754479776362992,9.754479776362992,9.754479776362992,9.754479776362992,9.754479776362992
4863,9.754479776362992,9.754479776362992,9.754479776362992,9.754479776362992,9.754479776362992,9.754479776362992,9.754479776362992
4864,9.754479776362992,9.754479776362992,9.754479776362992,9.754479776362992,9.754479776362992,9.754479776362992,9.754479776362992
4865,9.754479776362992,9.754479776362992,9.754479776362992,9.754479776362992,9.754479776362992,9.754479776362992,9.754479776362992
4866,9.754479776362992,9.754479776362992,9.754479776362992,9.754479776362992,9.754479776362992,9.754479776362992,9.754479776362992
4867,9.754479776362992,9.754479776362992,9.754479776362992,9.754479776362992,9.754479776362992,9.754479776362992,9.754479776362992
4868,9.754479776362992,9.754479776362992,9.754479776362992,9.754479776362992,9.754479776362992,9.754479776362992,9.754479776362992
4869,9.754479776362992,9.754479776362992,9.754479776362992,9.754479776362992,9.754479776362992,9.754479776362992,9.754479776362992
4870,9.754479776362992,9.754479776362992,9.754479776362992,9.754479776362992,9.754479776362992,9.754479776362992,9.754479776362992
4871,9.754479776362992,9.754479776362992,9.754479776362992,9.754479776362992,9.754479776362992,9.754479776362992,9.754479776362992
4872,9.754479776362992,9.754479776362992,9.754479776362992,9.754479776362992,9.754479776362992,9.754479776362992,9.754479776362992
4873,9.754479776362992,9.754479776362992,9.754479776362992,9.754479776362992,9.754479776362992,9.754479776362992,9.754479776362992
4874,9.754479776362992,9.754479776362992,9.754479776362992,9.754479776362992,9.754479776362992,9.754479776362992,9.754479776362992
4875,9.754479776362992,9.754479776362992,9.754479776362992,9.754479776362992,9.754479776362992,9.754479776362992,9.754479776362992
4876,9.754479776362992,9.754479776362992,9.754479776362992,9.754479776362992,9.754479776362992,9.754479776362992,9.754479776362992
4877,9.754479776362992,9.754479776362992,9.754479776362992,9.754479776362992,9.754479776362992,9.754479776362992,9.754479776362992
4878,9.754479776362992,9.754479776362992,9.754479776362992,9.754479776362992,9.754479776362992,9.754479776362992,9.754479776362992
4879,9.754479776362992,9.754479776362992,9.754479776362992,9.754479776362992,9.754479776362992,9.754479776362992,9.754479776362992
4880,9.754479776362992,9.754479776362992,9.754479776362992,9.754479776362992,9.754479776362992,9.754479776362992,9.754479776362992
4881,9.754479776362992,9.754479776362992,9.754479776362992,9.754479776362992,9.754479776362992,9.754479776362992,9.754479776362992
4882,9.754479776362992,9.754479776362992,9.754479776362992,9.754479776362992,9.754479776362992,9.754479776362992,9.754479776362992
4883,9.754479776362992,9.754479776362992,9.754479776362992,9.754479776362992,9.754479776362992,9.754479776362992,9.754479776362992
4884,9.754479776362992,9.754479776362992,9.754479776362992,9.754479776362992,9.754479776362992,9.754479776362992,9.754479776362992
4885,9.754479776362992,9.754479776362992,9.754479776362992,9.754479776362992,9.754479776362992,9.754479776362992,9.754479776362992
4886,9.754479776362992,9.754479776362992,9.754479776362992,9.754479776362992,9.754479776362992,9.754479776362992,9.754479776362992
4887,9.754479776362992,9.754479776362992,9.754479776362992,9.754479776362992,9.754479776362992,9.754479776362992,9.754479776362992
4888,9.754479776362992,9.754479776362992,9.754479776362992,9.754479776362992,9.754479776362992,9.754479776362992,9.754479776362992
4889,9.754479776362992,9.754479776362992,9.754479776362992,9.754479776362992,9.754479776362992,9.754479776362992,9.754479776362992
4890,9.754479776362992,9.754479776362992,9.754479776362992,9.754479776362992,9.754479776362992,9.754479776362992,9.754479776362992
4891,9.754479776362992,9.754479776362992,9.754479776362992,9.754479776362992,9.754479776362992,9.754479776362992,9.754479776362992
4892,9.754479776362992,9.754479776362992,9.754479776362992,9.754479776362992,9.754479776362992,9.754479776362992,9.754479776362992
4893,9.754479776362992,9.754479776362992,9.754479776362992,9.754479776362992,9.754479776362992,9.754479776362992,9.754479776362992
4894,9.754479776362992,9.754479776362992,9.754479776362992,9.754479776362992,9.754479776362992,9.754479776362992,9.754479776362992
4895,9.754479776362992,9.754479776362992,9.754479776362992,9.754479776362992,9.754479776362992,9.754479776362992,9.754479776362992
4896,85.3652362467965,85.3652362467965,85.3652362467965,85.3652362467965,85.3652362467965,85.3652362467965,85.3652362467965
4897,780.7770145716997,780.7770145716997,780.7770145716997,780.7770145716997,780.7770145716997,780.7770145716997,780.7770145716997
4898,780.7770145716997,780.7770145716997,780.7770145716997,780.7770145716997,780.7770145716997,780.7770145716997,780.7770145716997
4899,780.7770145716997,780.7770145716997,780.7770145716997,780.7770145716997,780.7770145716997,780.7770145716997,780.7770145716997
4900,780.7770145716997,780.7770145716997,780.7770145716997,780.7770145716997,780.7770145716997,780.7770145716997,780.7770145716997
4901,780.7770145716997,780.7770145716997,780.7770145716997,780.7770145716997,780.7770145716997,780.7770145716997,863.8028561235212
4902,780.7770145716997,780.7770145716997,780.7770145716997,780.7770145716997,780.7770145716997,863.8028561235212,863.8028561235212
4903,780.7770145716997,780.7770145716997,780.7770145716997,780.7770145716997,863.8028561235212,863.8028561235212,863.8028561235212
4904,780.7770145716997,780.7770145716997,780.7770145716997,863.8028561235212,863.8028561235212,863.8028561235212,863.8028561235212
4905,780.7770145716997,780.7770145716997,863.8028561235212,863.8028561235212,863.8028561235212,863.8028561235212,863.8028561235212
4906,780.7770145716997,863.8028561235212,863.8028561235212,863.8028561235212,863.8028561235212,863.8028561235212,863.8028561235212
4907,863.8028561235212,863.8028561235212,863.8028561235212,863.8028561235212,863.8028561235212,863.8028561235212,863.8028561235212
4908,863.8028561235212,863.8028561235212,863.8028561235212,863.8028561235212,863.8028561235212,863.8028561235212,863.8028561235212
4909,863.8028561235212,863.8028561235212,863.8028561235212,863.8028561235212,863.8028561235212,863.8028561235212,88.23543158154709
4910,863.8028561235212,863.8028561235212,863.8028561235212,863.8028561235212,498.62248051318824,9.754479776362992,9.754479776362992
4911,863.8028561235212,863.8028561235212,863.8028561235212,498.62248051318824,9.754479776362992,9.754479776362992,9.754479776362992
4912,863.8028561235212,863.8028561235212,498.62248051318824,9.754479776362992,9.754479776362992,9.754479776362992,9.754479776362992
4913,863.8028561235212,498.62248051318824,9.754479776362992,9.754479776362992,9.754479776362992,9.754479776362992,9.754479776362992
4914,498.62248051318824,9.754479776362992,9.754479776362992,9.754479776362992,9.754479776362992,9.754479776362992,9.754479776362992
4915,9.754479776362992,9.754479776362992,9.754479776362992,9.754479776362992,9.754479776362992,9.754479776362992,9.754479776362992
4916,9.754479776362992,9.754479776362992,9.754479776362992,9.754479776362992,9.754479776362992,9.754479776362992,9.754479776362992
4917,9.754479776362992,9.754479776362992,9.754479776362992,9.754479776362992,9.754479776362992,9.754479776362992,9.754479776362992
4918,9.754479776362992,9.754479776362992,9.754479776362992,9.754479776362992,9.754479776362992,9.754479776362992,9.754479776362992
4919,9.754479776362992,9.754479776362992,9.754479776362992,9.754479776362992,9.754479776362992,9.754479776362992,9.754479776362992
4920,9.754479776362992,9.754479776362992,9.754479776362992,9.754479776362992,9.754479776362992,9.754479776362992,9.754479776362992
4921,9.754479776362992,9.754479776362992,9.754479776362992,9.754479776362992,9.754479776362992,9.754479776362992,9.754479776362992
4922,9.754479776362992,9.754479776362992,9.754479776362992,9.754479776362992,9.754479776362992,9.754479776362992,9.754479776362992
4923,9.754479776362992,9.754479776362992,9.754479776362992,9.754479776362992,9.754479776362992,9.754479776362992,9.754479776362992
4924,9.754479776362992,9.754479776362992,9.754479776362992,9.754479776362992,9.754479776362992,9.754479776362992,9.754479776362992
4925,9.754479776362992,9.754479776362992,9.754479776362992,9.754479776362992,9.754479776362992,9.754479776362992,9.754479776362992
4926,9.754479776362992,9.754479776362992,9.754479776362992,9.754479776362992,9.754479776362992,9.754479776362992,9.754479776362992
4927,9.754479776362992,9.754479776362992,9.754479776362992,9.754479776362992,9.754479776362992,9.754479776362992,9.754479776362992
4928,9.754479776362992,9.754479776362992,9.754479776362992,9.754479776362992,9.754479776362992,9.754479776362992,9.754479776362992
4929,9.754479776362992,9.754479776362992,9.754479776362992,9.754479776362992,9.754479776362992,9.754479776362992,9.754479776362992
4930,9.754479776362992,9.754479776362992,9.754479776362992,9.754479776362992,9.754479776362992,9.754479776362992,9.754479776362992
4931,9.754479776362992,9.754479776362992,9.754479776362992,9.754479776362992,9.754479776362992,9.754479776362992,9.754479776362992
4932,9.754479776362992,9.754479776362992,9.754479776362992,9.754479776362992,9.754479776362992,9.754479776362992,9.754479776362992
4933,9.754479776362992,9.754479776362992,9.754479776362992,9.754479776362992,9.754479776362992,9.754479776362992,9.754479776362992
4934,9.754479776362992,9.754479776362992,9.754479776362992,9.754479776362992,9.754479776362992,9.754479776362992,9.754479776362992
4935,9.754479776362992,9.754479776362992,9.754479776362992,9.754479776362992,9.754479776362992,9.754479776362992,9.754479776362992
4936,9.754479776362992,9.754479776362992,9.754479776362992,9.754479776362992,9.754479776362992,9.754479776362992,9.754479776362992
4937,9.754479776362992,9.754479776362992,9.754479776362992,9.754479776362992,9.754479776362992,9.754479776362992,9.754479776362992
4938,9.754479776362992,9.754479776362992,9.754479776362992,9.754479776362992,9.754479776362992,9.754479776362992,9.754479776362992
4939,9.754479776362992,9.754479776362992,9.754479776362992,9.754479776362992,9.754479776362992,9.754479776362992,9.754479776362992
4940,9.754479776362992,9.754479776362992,9.754479776362992,9.754479776362992,9.754479776362992,9.754479776362992,9.754479776362992
4941,9.754479776362992,9.754479776362992,9.754479776362992,9.754479776362992,9.754479776362992,9.754479776362992,9.754479776362992
4942,9.754479776362992,9.754479776362992,9.754479776362992,9.754479776362992,9.754479776362992,9.754479776362992,9.754479776362992
4943,9.754479776362992,9.754479776362992,9.754479776362992,9.754479776362992,9.754479776362992,9.754479776362992,9.754479776362992
4944,9.754479776362992,9.754479776362992,9.754479776362992,9.754479776362992,9.754479776362992,9.754479776362992,9.754479776362992
4945,9.754479776362992,9.754479776362992,9.754479776362992,9.754479776362992,9.754479776362992,9.754479776362992,9.754479776362992
4946,9.754479776362992,9.754479776362992,9.754479776362992,9.754479776362992,9.754479776362992,9.754479776362992,9.754479776362992
4947,9.754479776362992,9.754479776362992,9.754479776362992,9.754479776362992,9.754479776362992,9.754479776362992,9.754479776362992
4948,9.754479776362992,9.754479776362992,9.754479776362992,9.754479776362992,9.754479776362992,9.754479776362992,9.754479776362992
4949,9.754479776362992,9.754479776362992,9.754479776362992,9.754479776362992,9.754479776362992,9.754479776362992,9.754479776362992
4950,9.754479776362992,9.754479776362992,9.754479776362992,9.754479776362992,9.754479776362992,9.754479776362992,9.754479776362992
4951,9.754479776362992,9.754479776362992,9.754479776362992,9.754479776362992,9.754479776362992,9.754479776362992,9.754479776362992
4952,9.754479776362992,9.754479776362992,9.754479776362992,9.754479776362992,9.754479776362992,9.754479776362992,9.754479776362992
4953,9.754479776362992,9.754479776362992,9.754479776362992,9.754479776362992,9.754479776362992,9.754479776362992,9.754479776362992
4954,9.754479776362992,9.754479776362992,9.754479776362992,9.754479776362992,9.754479776362992,9.754479776362992,9.754479776362992
4955,9.754479776362992,9.754479776362992,9.754479776362992,9.754479776362992,9.754479776362992,9.754479776362992,9.754479776362992
4956,9.754479776362992,9.754479776362992,9.754479776362992,9.754479776362992,9.754479776362992,9.754479776362992,9.754479776362992
4957,9.754479776362992,9.754479776362992,9.754479776362992,9.754479776362992,9.754479776362992,9.754479776362992,9.754479776362992
4958,9.754479776362992,9.754479776362992,9.754479776362992,9.754479776362992,9.754479776362992,9.754479776362992,9.754479776362992
4959,9.754479776362992,9.754479776362992,9.754479776362992,9.754479776362992,9.754479776362992,9.754479776362992,9.754479776362992
4960,9.754479776362992,9.754479776362992,9.754479776362992,9.754479776362992,9.754479776362992,9.754479776362992,9.754479776362992
4961,9.754479776362992,9.754479776362992,9.754479776362992,9.754479776362992,9.754479776362992,9.754479776362992,9.754479776362992
4962,9.754479776362992,9.754479776362992,9.754479776362992,9.754479776362992,9.754479776362992,9.754479776362992,9.754479776362992
4963,9.754479776362992,9.754479776362992,9.754479776362992,9.754479776362992,9.754479776362992,9.754479776362992,9.754479776362992
4964,9.754479776362992,9.754479776362992,9.754479776362992,9.754479776362992,9.754479776362992,9.754479776362992,9.754479776362992
4965,9.754479776362992,9.754479776362992,9.754479776362992,9.754479776362992,9.754479776362992,9.754479776362992,9.754479776362992
4966,9.754479776362992,9.754479776362992,9.754479776362992,9.754479776362992,9.754479776362992,9.754479776362992,9.754479776362992
4967,9.754479776362992,9.754479776362992,9.754479776362992,9.754479776362992,9.754479776362992,9.754479776362992,9.754479776362992
4968,9.754479776362992,9.754479776362992,9.754479776362992,9.754479776362992,9.754479776362992,9.754479776362992,9.754479776362992
4969,9.754479776362992,9.754479776362992,9.754479776362992,9.754479776362992,9.754479776362992,9.754479776362992,9.754479776362992
4970,9.754479776362992,9.754479776362992,9.754479776362992,9.754479776362992,9.754479776362992,9.754479776362992,9.754479776362992
4971,9.754479776362992,9.754479776362992,9.754479776362992,9.754479776362992,9.754479776362992,9.754479776362992,9.754479776362992
4972,9.754479776362992,9.754479776362992,9.754479776362992,9.754479776362992,9.754479776362992,9.754479776362992,9.754479776362992
4973,9.754479776362992,9.754479776362992,9.754479776362992,9.754479776362992,9.754479776362992,9.754479776362992,9.754479776362992
4974,9.754479776362992,9.754479776362992,9.754479776362992,9.754479776362992,9.754479776362992,9.754479776362992,9.754479776362992
4975,9.754479776362992,9.754479776362992,9.754479776362992,9.754479776362992,9.754479776362992,9.754479776362992,9.754479776362992
4976,9.754479776362992,9.754479776362992,9.754479776362992,9.754479776362992,9.754479776362992,9.754479776362992,9.754479776362992
4977,9.754479776362992,9.754479776362992,9.754479776362992,9.754479776362992,9.754479776362992,9.754479776362992,9.754479776362992
4978,9.754479776362992,9.754479776362992,9.754479776362992,9.754479776362992,9.754479776362992,9.754479776362992,9.754479776362992
4979,9.754479776362992,9.754479776362992,9.754479776362992,9.754479776362992,9.754479776362992,9.754479776362992,9.754479776362992
4980,9.754479776362992,9.754479776362992,9.754479776362992,9.754479776362992,9.754479776362992,9.754479776362992,9.754479776362992
4981,9.754479776362992,9.754479776362992,9.754479776362992,9.754479776362992,9.754479776362992,9.754479776362992,9.754479776362992
4982,9.754479776362992,9.754479776362992,9.754479776362992,9.754479776362992,9.754479776362992,9.754479776362992,9.754479776362992
4983,9.754479776362992,9.754479776362992,9.754479776362992,9.754479776362992,9.754479776362992,9.754479776362992,9.754479776362992
4984,9.754479776362992,9.754479776362992,9.754479776362992,9.754479776362992,9.754479776362992,9.754479776362992,9.754479776362992
4985,9.754479776362992,9.754479776362992,9.754479776362992,9.754479776362992,9.754479776362992,9.754479776362992,9.754479776362992
4986,9.754479776362992,9.754479776362992,9.754479776362992,9.754479776362992,9.754479776362992,9.754479776362992,9.754479776362992
4987,9.754479776362992,9.754479776362992,9.754479776362992,9.754479776362992,9.754479776362992,9.754479776362992,9.754479776362992
4988,9.754479776362992,9.754479776362992,9.754479776362992,9.754479776362992,9.754479776362992,9.754479776362992,9.754479776362992
4989,9.754479776362992,9.754479776362992,9.754479776362992,9.754479776362992,9.754479776362992,9.754479776362992,9.754479776362992
4990,32.514932587876636,32.514932587876636,32.514932587876636,32.514932587876636,32.514932587876636,32.514932587876636,32.514932587876636
4991,32.514932587876636,32.514932587876636,32.514932587876636,32.514932587876636,32.514932587876636,32.514932587876636,32.514932587876636
4992,32.514932587876636,32.514932587876636,32.514932587876636,32.514932587876636,32.514932587876636,32.514932587876636,32.514932587876636
4993,32.514932587876636,32.514932587876636,32.514932587876636,32.514932587876636,32.514932587876636,32.514932587876636,32.514932587876636
4994,32.514932587876636,32.514932587876636,32.514932587876636,32.514932587876636,32.514932587876636,32.514932587876636,32.514932587876636
4995,32.514932587876636,32.514932587876636,32.514932587876636,32.514932587876636,32.514932587876636,32.514932587876636,32.514932587876636
4996,32.514932587876636,32.514932587876636,32.514932587876636,32.514932587876636,32.514932587876636,32.514932587876636,32.514932587876636
4997,32.514932587876636,32.514932587876636,32.514932587876636,32.514932587876636,32.514932587876636,32.514932587876636,32.514932587876636
4998,32.514932587876636,32.514932587876636,32.514932587876636,32.514932587876636,32.514932587876636,32.514932587876636,32.514932587876636
4999,32.514932587876636,32.514932587876636,32.514932587876636,32.514932587876636,32.514932587876636,32.514932587876636,32.514932587876636
5000,32.514932587876636,32.514932587876636,32.514932587876636,32.514932587876636,32.514932587876636,32.514932587876636,32.514932587876636
5001,32.514932587876636,32.514932587876636,32.514932587876636,32.514932587876636,32.514932587876636,32.514932587876636,32.514932587876636
5002,32.514932587876636,32.514932587876636,32.514932587876636,32.514932587876636,32.514932587876636,32.514932587876636,32.514932587876636
5003,32.514932587876636,32.514932587876636,32.514932587876636,32.514932587876636,32.514932587876636,32.514932587876636,32.514932587876636
5004,32.514932587876636,32.514932587876636,32.514932587876636,32.514932587876636,32.514932587876636,32.514932587876636,32.514932587876636
5005,32.514932587876636,32.514932587876636,32.514932587876636,32.514932587876636,32.514932587876636,32.514932587876636,32.514932587876636
5006,32.514932587876636,32.514932587876636,32.514932587876636,32.514932587876636,32.514932587876636,32.514932587876636,32.514932587876636
5007,32.514932587876636,32.514932587876636,32.514932587876636,32.514932587876636,32.514932587876636,32.514932587876636,32.514932587876636
5008,32.514932587876636,32.514932587876636,32.514932587876636,32.514932587876636,32.514932587876636,32.514932587876636,32.514932587876636
5009,32.514932587876636,32.514932587876636,32.514932587876636,32.514932587876636,32.514932587876636,32.514932587876636,32.514932587876636
5010,32.514932587876636,32.514932587876636,32.514932587876636,32.514932587876636,32.514932587876636,32.514932587876636,32.514932587876636
5011,32.514932587876636,32.514932587876636,32.514932587876636,32.514932587876636,32.514932587876636,32.514932587876636,32.514932587876636
5012,32.514932587876636,32.514932587876636,32.514932587876636,32.514932587876636,32.514932587876636,32.514932587876636,32.514932587876636
5013,32.514932587876636,32.514932587876636,32.514932587876636,32.514932587876636,32.514932587876636,32.514932587876636,32.514932587876636
5014,32.514932587876636,32.514932587876636,32.514932587876636,32.514932587876636,32.514932587876636,32.514932587876636,32.514932587876636
5015,32.514932587876636,32.514932587876636,32.514932587876636,32.514932587876636,32.514932587876636,32.514932587876636,32.514932587876636
5016,32.514932587876636,32.514932587876636,32.514932587876636,32.514932587876636,32.514932587876636,32.514932587876636,32.514932587876636
5017,32.514932587876636,32.514932587876636,32.514932587876636,32.514932587876636,32.514932587876636,32.514932587876636,32.514932587876636
5018,32.514932587876636,32.514932587876636,32.514932587876636,32.514932587876636,32.514932587876636,32.514932587876636,32.514932587876636
5019,32.514932587876636,32.514932587876636,32.514932587876636,32.514932587876636,32.514932587876636,32.514932587876636,32.514932587876636
5020,32.514932587876636,32.514932587876636,32.514932587876636,32.514932587876636,32.514932587876636,32.514932587876636,32.514932587876636
5021,32.514932587876636,32.514932587876636,32.514932587876636,32.514932587876636,32.514932587876636,32.514932587876636,32.514932587876636
5022,32.514932587876636,32.514932587876636,32.514932587876636,32.514932587876636,32.514932587876636,32.514932587876636,32.514932587876636
5023,32.514932587876636,32.514932587876636,32.514932587876636,32.514932587876636,32.514932587876636,32.514932587876636,32.514932587876636
5024,32.514932587876636,32.514932587876636,32.514932587876636,32.514932587876636,32.514932587876636,32.514932587876636,32.514932587876636
5025,32.514932587876636,32.514932587876636,32.514932587876636,32.514932587876636,32.514932587876636,32.514932587876636,32.514932587876636
5026,32.514932587876636,32.514932587876636,32.514932587876636,32.514932587876636,32.514932587876636,32.514932587876636,32.514932587876636
5027,32.514932587876636,32.514932587876636,32.514932587876636,32.514932587876636,32.514932587876636,32.514932587876636,32.514932587876636
5028,32.514932587876636,32.514932587876636,32.514932587876636,32.514932587876636,32.514932587876636,32.514932587876636,32.514932587876636
5029,32.514932587876636,32.514932587876636,32.514932587876636,32.514932587876636,32.514932587876636,32.514932587876636,32.514932587876636
5030,32.514932587876636,32.514932587876636,32.514932587876636,32.514932587876636,32.514932587876636,32.514932587876636,32.514932587876636
5031,32.514932587876636,32.514932587876636,32.514932587876636,32.514932587876636,32.514932587876636,32.514932587876636,32.514932587876636
5032,32.514932587876636,32.514932587876636,32.514932587876636,32.514932587876636,32.514932587876636,32.514932587876636,32.514932587876636
5033,32.514932587876636,32.514932587876636,32.514932587876636,32.514932587876636,32.514932587876636,32.514932587876636,32.514932587876636
5034,32.514932587876636,32.514932587876636,32.514932587876636,32.514932587876636,32.514932587876636,32.514932587876636,32.514932587876636
5035,32.514932587876636,32.514932587876636,32.514932587876636,32.514932587876636,32.514932587876636,32.514932587876636,32.514932587876636
5036,32.514932587876636,32.514932587876636,32.514932587876636,32.514932587876636,32.514932587876636,32.514932587876636,32.514932587876636
5037,32.514932587876636,32.514932587876636,32.514932587876636,32.514932587876636,32.514932587876636,32.514932587876636,32.514932587876636
5038,32.514932587876636,32.514932587876636,32.514932587876636,32.514932587876636,32.514932587876636,32.514932587876636,32.514932587876636
5039,32.514932587876636,32.514932587876636,32.514932587876636,32.514932587876636,32.514932587876636,32.514932587876636,32.514932587876636
5040,32.514932587876636,32.514932587876636,32.514932587876636,32.514932587876636,32.514932587876636,32.514932587876636,32.514932587876636
5041,32.514932587876636,32.514932587876636,32.514932587876636,32.514932587876636,32.514932587876636,32.514932587876636,32.514932587876636
5042,32.514932587876636,32.514932587876636,32.514932587876636,32.514932587876636,32.514932587876636,32.514932587876636,32.514932587876636
5043,32.514932587876636,32.514932587876636,32.514932587876636,32.514932587876636,32.514932587876636,32.514932587876636,32.514932587876636
5044,32.514932587876636,32.514932587876636,32.514932587876636,32.514932587876636,32.514932587876636,32.514932587876636,32.514932587876636
5045,32.514932587876636,32.514932587876636,32.514932587876636,32.514932587876636,32.514932587876636,32.514932587876636,32.514932587876636
5046,32.514932587876636,32.514932587876636,32.514932587876636,32.514932587876636,32.514932587876636,32.514932587876636,32.514932587876636
5047,32.514932587876636,32.514932587876636,32.514932587876636,32.514932587876636,32.514932587876636,32.514932587876636,32.514932587876636
5048,32.514932587876636,32.514932587876636,32.514932587876636,32.514932587876636,32.514932587876636,32.514932587876636,32.514932587876636
5049,32.514932587876636,32.514932587876636,32.514932587876636,32.514932587876636,32.514932587876636,32.514932587876636,32.514932587876636
5050,32.514932587876636,32.514932587876636,32.514932587876636,32.514932587876636,32.514932587876636,32.514932587876636,32.514932587876636
5051,32.514932587876636,32.514932587876636,32.514932587876636,32.514932587876636,32.514932587876636,32.514932587876636,32.514932587876636
5052,32.514932587876636,32.514932587876636,32.514932587876636,32.514932587876636,32.514932587876636,32.514932587876636,32.514932587876636
5053,32.514932587876636,32.514932587876636,32.514932587876636,32.514932587876636,32.514932587876636,32.514932587876636,32.514932587876636
5054,32.514932587876636,32.514932587876636,32.514932587876636,32.514932587876636,32.514932587876636,32.514932587876636,32.514932587876636
5055,32.514932587876636,32.514932587876636,32.514932587876636,32.514932587876636,32.514932587876636,32.514932587876636,32.514932587876636
5056,32.514932587876636,32.514932587876636,32.514932587876636,32.514932587876636,32.514932587876636,32.514932587876636,32.514932587876636
5057,32.514932587876636,32.514932587876636,32.514932587876636,32.514932587876636,32.514932587876636,32.514932587876636,32.514932587876636
5058,32.514932587876636,32.514932587876636,32.514932587876636,32.514932587876636,32.514932587876636,32.514932587876636,32.514932587876636
5059,32.514932587876636,32.514932587876636,32.514932587876636,32.514932587876636,32.514932587876636,32.514932587876636,32.514932587876636
5060,32.514932587876636,32.514932587876636,32.514932587876636,32.514932587876636,32.514932587876636,32.514932587876636,32.514932587876636
5061,32.514932587876636,32.514932587876636,32.514932587876636,32.514932587876636,32.514932587876636,32.514932587876636,32.514932587876636
5062,32.514932587876636,32.514932587876636,32.514932587876636,32.514932587876636,32.514932587876636,32.514932587876636,32.514932587876636
5063,32.514932587876636,32.514932587876636,32.514932587876636,32.514932587876636,32.514932587876636,32.514932587876636,32.514932587876636
5064,32.514932587876636,32.514932587876636,32.514932587876636,32.514932587876636,32.514932587876636,32.514932587876636,32.514932587876636
5065,32.514932587876636,32.514932587876636,32.514932587876636,32.514932587876636,32.514932587876636,32.514932587876636,32.514932587876636
5066,32.514932587876636,32.514932587876636,32.514932587876636,32.514932587876636,32.514932587876636,32.514932587876636,32.514932587876636
5067,32.514932587876636,32.514932587876636,32.514932587876636,32.514932587876636,32.514932587876636,32.514932587876636,32.514932587876636
5068,32.514932587876636,32.514932587876636,32.514932587876636,32.514932587876636,32.514932587876636,32.514932587876636,32.514932587876636
5069,32.514932587876636,32.514932587876636,32.514932587876636,32.514932587876636,32.514932587876636,32.514932587876636,32.514932587876636
5070,32.514932587876636,32.514932587876636,32.514932587876636,32.514932587876636,32.514932587876636,32.514932587876636,32.514932587876636
5071,32.514932587876636,32.514932587876636,32.514932587876636,32.514932587876636,32.514932587876636,32.514932587876636,32.514932587876636
5072,32.514932587876636,32.514932587876636,32.514932587876636,32.514932587876636,32.514932587876636,32.514932587876636,32.514932587876636
5073,32.514932587876636,32.514932587876636,32.514932587876636,32.514932587876636,32.514932587876636,32.514932587876636,32.514932587876636
5074,32.514932587876636,32.514932587876636,32.514932587876636,32.514932587876636,32.514932587876636,32.514932587876636,32.514932587876636
5075,32.514932587876636,32.514932587876636,32.514932587876636,32.514932587876636,32.514932587876636,32.514932587876636,32.514932587876636
5076,32.514932587876636,32.514932587876636,32.514932587876636,32.514932587876636,32.514932587876636,32.514932587876636,32.514932587876636
5077,32.514932587876636,32.514932587876636,32.514932587876636,32.514932587876636,32.514932587876636,32.514932587876636,32.514932587876636
5078,32.514932587876636,32.514932587876636,32.514932587876636,32.514932587876636,32.514932587876636,32.514932587876636,32.514932587876636
5079,32.514932587876636,32.514932587876636,32.514932587876636,32.514932587876636,32.514932587876636,32.514932587876636,32.514932587876636
5080,32.514932587876636,32.514932587876636,32.514932587876636,32.514932587876636,32.514932587876636,32.514932587876636,32.514932587876636
5081,32.514932587876636,32.514932587876636,32.514932587876636,32.514932587876636,32.514932587876636,32.514932587876636,32.514932587876636
5082,32.514932587876636,32.514932587876636,32.514932587876636,32.514932587876636,32.514932587876636,32.514932587876636,32.514932587876636
5083,32.514932587876636,32.514932587876636,32.514932587876636,32.514932587876636,32.514932587876636,32.514932587876636,32.514932587876636
5084,32.514932587876636,32.514932587876636,32.514932587876636,32.514932587876636,32.514932587876636,32.514932587876636,32.514932587876636
5085,32.514932587876636,32.514932587876636,32.514932587876636,32.514932587876636,32.514932587876636,32.514932587876636,32.514932587876636
5086,32.514932587876636,32.514932587876636,32.514932587876636,32.514932587876636,32.514932587876636,32.514932587876636,32.514932587876636
5087,32.514932587876636,32.514932587876636,32.514932587876636,32.514932587876636,32.514932587876636,32.514932587876636,32.514932587876636
5088,32.514932587876636,32.514932587876636,32.514932587876636,32.514932587876636,32.514932587876636,32.514932587876636,32.514932587876636
5089,32.514932587876636,32.514932587876636,32.514932587876636,32.514932587876636,32.514932587876636,32.514932587876636,32.514932587876636
5090,32.514932587876636,32.514932587876636,32.514932587876636,32.514932587876636,32.514932587876636,32.514932587876636,32.514932587876636
5091,32.514932587876636,32.514932587876636,32.514932587876636,32.514932587876636,32.514932587876636,32.514932587876636,32.514932587876636
5092,32.514932587876636,32.514932587876636,32.514932587876636,32.514932587876636,32.514932587876636,32.514932587876636,32.514932587876636
5093,32.514932587876636,32.514932587876636,32.514932587876636,32.514932587876636,32.514932587876636,32.514932587876636,32.514932587876636
5094,32.514932587876636,32.514932587876636,32.514932587876636,32.514932587876636,32.514932587876636,32.514932587876636,32.514932587876636
5095,32.514932587876636,32.514932587876636,32.514932587876636,32.514932587876636,32.514932587876636,32.514932587876636,32.514932587876636
5096,32.514932587876636,32.514932587876636,32.514932587876636,32.514932587876636,32.514932587876636,32.514932587876636,32.514932587876636
5097,32.514932587876636,32.514932587876636,32.514932587876636,32.514932587876636,32.514932587876636,32.514932587876636,32.514932587876636
5098,32.514932587876636,32.514932587876636,32.514932587876636,32.514932587876636,32.514932587876636,32.514932587876636,32.514932587876636
5099,32.514932587876636,32.514932587876636,32.514932587876636,32.514932587876636,32.514932587876636,32.514932587876636,32.514932587876636
5100,32.514932587876636,32.514932587876636,32.514932587876636,32.514932587876636,32.514932587876636,32.514932587876636,32.514932587876636
5101,32.514932587876636,32.514932587876636,32.514932587876636,32.514932587876636,32.514932587876636,32.514932587876636,32.514932587876636
5102,32.514932587876636,32.514932587876636,32.514932587876636,32.514932587876636,32.514932587876636,32.514932587876636,32.514932587876636
5103,32.514932587876636,32.514932587876636,32.514932587876636,32.514932587876636,32.514932587876636,32.514932587876636,32.514932587876636
5104,32.514932587876636,32.514932587876636,32.514932587876636,32.514932587876636,32.514932587876636,32.514932587876636,32.514932587876636
5105,32.514932587876636,32.514932587876636,32.514932587876636,32.514932587876636,32.514932587876636,32.514932587876636,32.514932587876636
5106,32.514932587876636,32.514932587876636,32.514932587876636,32.514932587876636,32.514932587876636,32.514932587876636,32.514932587876636
5107,32.514932587876636,32.514932587876636,32.514932587876636,32.514932587876636,32.514932587876636,32.514932587876636,32.514932587876636
5108,32.514932587876636,32.514932587876636,32.514932587876636,32.514932587876636,32.514932587876636,32.514932587876636,32.514932587876636
5109,32.514932587876636,32.514932587876636,32.514932587876636,32.514932587876636,32.514932587876636,32.514932587876636,32.514932587876636
5110,180.75026801012308,180.75026801012308,180.75026801012308,180.75026801012308,180.75026801012308,180.75026801012308,180.75026801012308
5111,189.26984812665688,189.26984812665688,189.26984812665688,189.26984812665688,189.26984812665688,189.26984812665688,189.26984812665688
5112,270.8199708439588,270.8199708439588,270.8199708439588,270.8199708439588,270.8199708439588,270.8199708439588,270.8199708439588
5113,259.2525775507245,259.2525775507245,259.2525775507245,259.2525775507245,259.2525775507245,259.2525775507245,259.2525775507245
5114,181.35463181701678,181.35463181701678,181.35463181701678,181.35463181701678,181.35463181701678,181.35463181701678,181.35463181701678
5115,197.17856590073902,197.17856590073902,197.17856590073902,197.17856590073902,197.17856590073902,197.17856590073902,197.17856590073902
5116,200.8307428843332,200.8307428843332,200.8307428843332,200.8307428843332,200.8307428843332,200.8307428843332,200.8307428843332
5117,307.9396059512365,307.9396059512365,307.9396059512365,307.9396059512365,307.9396059512365,307.9396059512365,307.9396059512365
5118,345.6701034009659,345.6701034009659,345.6701034009659,345.6701034009659,345.6701034009659,345.6701034009659,345.6701034009659
5119,362.1048998271399,362.1048998271399,362.1048998271399,362.1048998271399,362.1048998271399,362.1048998271399,362.1048998271399
5120,377.928833910862,377.928833910862,377.928833910862,377.928833910862,377.928833910862,377.928833910862,377.928833910862
5121,259.2525775507245,259.2525775507245,259.2525775507245,259.2525775507245,259.2525775507245,259.2525775507245,259.2525775507245
5122,261.07866604252155,261.07866604252155,261.07866604252155,261.07866604252155,261.07866604252155,261.07866604252155,261.07866604252155
5123,272.6395608001979,272.6395608001979,272.6395608001979,272.6395608001979,272.6395608001979,272.6395608001979,272.6395608001979
5124,295.1569865086568,295.1569865086568,295.1569865086568,295.1569865086568,295.1569865086568,295.1569865086568,295.1569865086568
5125,296.3787111935602,296.3787111935602,296.3787111935602,296.3787111935602,296.3787111935602,296.3787111935602,296.3787111935602
5126,280.55477710983797,280.55477710983797,280.55477710983797,280.55477710983797,280.55477710983797,280.55477710983797,280.55477710983797
5127,312.8070090841761,312.8070090841761,312.8070090841761,312.8070090841761,312.8070090841761,312.8070090841761,312.8070090841761
5128,267.7721576672583,267.7721576672583,267.7721576672583,267.7721576672583,267.7721576672583,267.7721576672583,267.7721576672583
5129,268.38302000971,268.38302000971,268.38302000971,268.38302000971,268.38302000971,268.38302000971,268.38302000971
5130,263.51561687677037,263.51561687677037,263.51561687677037,263.51561687677037,263.51561687677037,263.51561687677037,263.51561687677037
5131,256.40621897632184,256.40621897632184,256.40621897632184,256.40621897632184,256.40621897632184,256.40621897632184,256.40621897632184
5132,300.4597915239822,300.4597915239822,300.4597915239822,300.4597915239822,300.4597915239822,300.4597915239822,300.4597915239822
5133,295.37793671762864,295.37793671762864,295.37793671762864,295.37793671762864,295.37793671762864,295.37793671762864,295.37793671762864
5134,229.86619975746294,229.86619975746294,229.86619975746294,229.86619975746294,229.86619975746294,229.86619975746294,229.86619975746294
5135,284.0834819178302,284.0834819178302,284.0834819178302,284.0834819178302,284.0834819178302,284.0834819178302,284.0834819178302
5136,259.79845453759617,259.79845453759617,259.79845453759617,259.79845453759617,259.79845453759617,259.79845453759617,259.79845453759617
5137,221.9574819833808,221.9574819833808,221.9574819833808,221.9574819833808,221.9574819833808,221.9574819833808,221.9574819833808
5138,199.92744644177162,199.92744644177162,199.92744644177162,199.92744644177162,199.92744644177162,199.92744644177162,199.92744644177162
5139,230.99044640899635,230.99044640899635,230.99044640899635,230.99044640899635,230.99044640899635,230.99044640899635,230.99044640899635
5140,245.11176417652342,245.11176417652342,245.11176417652342,245.11176417652342,245.11176417652342,245.11176417652342,245.11176417652342
5141,255.84084638277614,255.84084638277614,255.84084638277614,255.84084638277614,255.84084638277614,255.84084638277614,255.84084638277614
5142,410.02510103180833,410.02510103180833,410.02510103180833,410.02510103180833,410.02510103180833,410.02510103180833,410.02510103180833
5143,433.7447558184966,433.7447558184966,433.7447558184966,433.7447558184966,433.7447558184966,433.7447558184966,433.7447558184966
5144,407.77010919318343,407.77010919318343,407.77010919318343,407.77010919318343,407.77010919318343,407.77010919318343,407.77010919318343
5145,395.3449092062935,395.3449092062935,395.3449092062935,395.3449092062935,395.3449092062935,395.3449092062935,395.3449092062935
5146,342.81724629100535,342.81724629100535,342.81724629100535,342.81724629100535,342.81724629100535,342.81724629100535,342.81724629100535
5147,359.1935558971573,359.1935558971573,359.1935558971573,359.1935558971573,359.1935558971573,359.1935558971573,359.1935558971573
5148,329.82667371056976,329.82667371056976,329.82667371056976,329.82667371056976,329.82667371056976,329.82667371056976,329.82667371056976
5149,319.6629640978627,319.6629640978627,319.6629640978627,319.6629640978627,319.6629640978627,319.6629640978627,319.6629640978627
5150,289.73070931772946,289.73070931772946,289.73070931772946,289.73070931772946,289.73070931772946,289.73070931772946,289.73070931772946
5151,290.86145450482087,290.86145450482087,290.86145450482087,290.86145450482087,290.86145450482087,290.86145450482087,290.86145450482087
5152,321.9244544720456,321.9244544720456,321.9244544720456,321.9244544720456,321.9244544720456,321.9244544720456,321.9244544720456
5153,276.1747641437481,276.1747641437481,276.1747641437481,276.1747641437481,276.1747641437481,276.1747641437481,276.1747641437481
5154,271.65828193094035,271.65828193094035,271.65828193094035,271.65828193094035,271.65828193094035,271.65828193094035,271.65828193094035
5155,295.9433093111744,295.9433093111744,295.9433093111744,295.9433093111744,295.9433093111744,295.9433093111744,295.9433093111744
5156,312.31961891732635,312.31961891732635,312.31961891732635,312.31961891732635,312.31961891732635,312.31961891732635,312.31961891732635
5157,275.0440189566567,275.0440189566567,275.0440189566567,275.0440189566567,275.0440189566567,275.0440189566567,275.0440189566567
5158,306.6723915174271,306.6723915174271,306.6723915174271,306.6723915174271,306.6723915174271,306.6723915174271,306.6723915174271
5159,322.09341639655355,322.09341639655355,322.09341639655355,322.09341639655355,322.09341639655355,322.09341639655355,322.09341639655355
5160,286.68289614102895,286.68289614102895,286.68289614102895,286.68289614102895,286.68289614102895,286.68289614102895,286.68289614102895
5161,306.6723915174271,306.6723915174271,306.6723915174271,306.6723915174271,306.6723915174271,306.6723915174271,306.6723915174271
5162,304.39140553657023,304.39140553657023,304.39140553657023,304.39140553657023,304.39140553657023,304.39140553657023,304.39140553657023
5163,447.72960433930575,447.72960433930575,447.72960433930575,447.72960433930575,447.72960433930575,447.72960433930575,447.72960433930575
5164,323.8025312483067,323.8025312483067,323.8025312483067,323.8025312483067,323.8025312483067,323.8025312483067,323.8025312483067
5165,333.51134337195396,333.51134337195396,333.51134337195396,333.51134337195396,333.51134337195396,333.51134337195396,333.51134337195396
5166,332.37409964930447,332.37409964930447,332.37409964930447,332.37409964930447,332.37409964930447,332.37409964930447,332.37409964930447
5167,293.5388511547156,293.5388511547156,293.5388511547156,293.5388511547156,293.5388511547156,293.5388511547156,293.5388511547156
5168,336.37069901747253,336.37069901747253,336.37069901747253,336.37069901747253,336.37069901747253,336.37069901747253,336.37069901747253
5169,298.67919278109105,298.67919278109105,298.67919278109105,298.67919278109105,298.67919278109105,298.67919278109105,298.67919278109105
5170,374.6340763829577,374.6340763829577,374.6340763829577,374.6340763829577,374.6340763829577,374.6340763829577,374.6340763829577
5171,390.04860272652616,390.04860272652616,390.04860272652616,390.04860272652616,390.04860272652616,390.04860272652616,390.04860272652616
5172,404.89775647654875,404.89775647654875,404.89775647654875,404.89775647654875,404.89775647654875,404.89775647654875,404.89775647654875
5173,464.2943714766396,464.2943714766396,464.2943714766396,464.2943714766396,464.2943714766396,464.2943714766396,464.2943714766396
5174,430.59946460842616,430.59946460842616,430.59946460842616,430.59946460842616,430.59946460842616,430.59946460842616,430.59946460842616
5175,558.5231370675932,558.5231370675932,558.5231370675932,558.5231370675932,558.5231370675932,558.5231370675932,558.5231370675932
5176,516.8350314630437,516.8350314630437,516.8350314630437,516.8350314630437,516.8350314630437,516.8350314630437,516.8350314630437
5177,491.7051944602701,491.7051944602701,491.7051944602701,491.7051944602701,491.7051944602701,491.7051944602701,491.7051944602701
5178,609.92005479579,609.92005479579,609.92005479579,609.92005479579,609.92005479579,609.92005479579,609.92005479579
5179,528.8248295675478,528.8248295675478,528.8248295675478,528.8248295675478,528.8248295675478,528.8248295675478,528.8248295675478
5180,464.8662426057433,464.8662426057433,464.8662426057433,464.8662426057433,464.8662426057433,464.8662426057433,464.8662426057433
5181,478.5716540975585,478.5716540975585,478.5716540975585,478.5716540975585,478.5716540975585,478.5716540975585,478.5716540975585
5182,488.2804662212058,488.2804662212058,488.2804662212058,488.2804662212058,488.2804662212058,488.2804662212058,488.2804662212058
5183,467.7190997157039,467.7190997157039,467.7190997157039,467.7190997157039,467.7190997157039,467.7190997157039,467.7190997157039
5184,488.2804662212058,488.2804662212058,488.2804662212058,488.2804662212058,488.2804662212058,488.2804662212058,488.2804662212058
5185,475.71229845203993,475.71229845203993,475.71229845203993,475.71229845203993,475.71229845203993,475.71229845203993,475.71229845203993
5186,559.6668793258007,559.6668793258007,559.6668793258007,559.6668793258007,559.6668793258007,559.6668793258007,559.6668793258007
5187,542.5302410593631,542.5302410593631,542.5302410593631,542.5302410593631,542.5302410593631,542.5302410593631,542.5302410593631
5188,543.6739833175706,543.6739833175706,543.6739833175706,543.6739833175706,543.6739833175706,543.6739833175706,543.6739833175706
5189,501.41400658391734,501.41400658391734,501.41400658391734,501.41400658391734,501.41400658391734,501.41400658391734,501.41400658391734
5190,589.1507351524322,589.1507351524322,589.1507351524322,589.1507351524322,589.1507351524322,589.1507351524322,589.1507351524322
5191,491.6921973891541,491.6921973891541,491.6921973891541,491.6921973891541,491.6921973891541,491.6921973891541,491.6921973891541
5192,384.17392658209695,384.17392658209695,384.17392658209695,384.17392658209695,384.17392658209695,384.17392658209695,384.17392658209695
5193,469.0577980406512,469.0577980406512,469.0577980406512,469.0577980406512,469.0577980406512,469.0577980406512,469.0577980406512
5194,425.04321670633885,425.04321670633885,425.04321670633885,425.04321670633885,425.04321670633885,425.04321670633885,425.04321670633885
5195,467.79708214239986,467.79708214239986,467.79708214239986,467.79708214239986,467.79708214239986,467.79708214239986,467.79708214239986
5196,453.96819847498267,453.96819847498267,453.96819847498267,453.96819847498267,453.96819847498267,453.96819847498267,453.96819847498267
5197,414.35312571343417,414.35312571343417,414.35312571343417,414.35312571343417,414.35312571343417,414.35312571343417,414.35312571343417
5198,413.72276776430846,413.72276776430846,413.72276776430846,413.72276776430846,413.72276776430846,413.72276776430846,413.72276776430846
5199,408.69290124241894,408.69290124241894,408.69290124241894,408.69290124241894,408.69290124241894,408.69290124241894,408.69290124241894
5200,491.0618394400284,491.0618394400284,491.0618394400284,491.0618394400284,491.0618394400284,491.0618394400284,491.0618394400284
5201,430.07308322822837,430.07308322822837,430.07308322822837,430.07308322822837,430.07308322822837,430.07308322822837,430.07308322822837
5202,560.2257533837884,560.2257533837884,560.2257533837884,560.2257533837884,560.2257533837884,560.2257533837884,560.2257533837884
5203,504.26686369387795,504.26686369387795,504.26686369387795,504.26686369387795,504.26686369387795,504.26686369387795,504.26686369387795
5204,513.0723793749636,513.0723793749636,513.0723793749636,513.0723793749636,513.0723793749636,513.0723793749636,513.0723793749636
5205,572.8004196885122,572.8004196885122,572.8004196885122,572.8004196885122,572.8004196885122,572.8004196885122,572.8004196885122
5206,613.6697098127541,613.6697098127541,613.6697098127541,613.6697098127541,613.6697098127541,613.6697098127541,613.6697098127541
5207,652.6479260896189,652.6479260896189,652.6479260896189,652.6479260896189,652.6479260896189,652.6479260896189,652.6479260896189
5208,714.2540431794285,714.2540431794285,714.2540431794285,714.2540431794285,714.2540431794285,714.2540431794285,714.2540431794285
5209,814.2665054169994,814.2665054169994,814.2665054169994,814.2665054169994,814.2665054169994,814.2665054169994,814.2665054169994
5210,917.3332793668286,917.3332793668286,917.3332793668286,917.3332793668286,917.3332793668286,917.3332793668286,917.3332793668286
5211,1108.5201954830945,1108.5201954830945,1108.5201954830945,1108.5201954830945,1108.5201954830945,1108.5201954830945,1108.5201954830945
5212,1191.5064945587137,1191.5064945587137,1191.5064945587137,1191.5064945587137,1191.5064945587137,1191.5064945587137,1191.5064945587137
5213,1253.1126116485234,1253.1126116485234,1253.1126116485234,1253.1126116485234,1253.1126116485234,1253.1126116485234,780.7770145716997
5214,997.8501349304091,997.8501349304091,997.8501349304091,997.8501349304091,997.8501349304091,780.7770145716997,780.7770145716997
5215,1019.8801704720183,1019.8801704720183,1019.8801704720183,1019.8801704720183,780.7770145716997,780.7770145716997,780.7770145716997
5216,1092.1438858769427,1092.1438858769427,1092.1438858769427,780.7770145716997,780.7770145716997,780.7770145716997,780.7770145716997
5217,939.3633149084378,939.3633149084378,780.7770145716997,780.7770145716997,780.7770145716997,780.7770145716997,780.7770145716997
5218,948.2013232673135,780.7770145716997,780.7770145716997,780.7770145716997,780.7770145716997,780.7770145716997,780.7770145716997
5219,780.7770145716997,780.7770145716997,780.7770145716997,780.7770145716997,780.7770145716997,780.7770145716997,780.7770145716997
5220,780.7770145716997,780.7770145716997,780.7770145716997,780.7770145716997,780.7770145716997,780.7770145716997,780.7770145716997
5221,780.7770145716997,780.7770145716997,780.7770145716997,780.7770145716997,780.7770145716997,780.7770145716997,780.7770145716997
5222,780.7770145716997,780.7770145716997,780.7770145716997,780.7770145716997,780.7770145716997,780.7770145716997,780.7770145716997
5223,780.7770145716997,780.7770145716997,780.7770145716997,780.7770145716997,780.7770145716997,780.7770145716997,780.7770145716997
5224,780.7770145716997,780.7770145716997,780.7770145716997,780.7770145716997,780.7770145716997,780.7770145716997,780.7770145716997
5225,780.7770145716997,780.7770145716997,780.7770145716997,780.7770145716997,780.7770145716997,780.7770145716997,780.7770145716997
5226,780.7770145716997,780.7770145716997,780.7770145716997,780.7770145716997,780.7770145716997,780.7770145716997,780.7770145716997
5227,780.7770145716997,780.7770145716997,780.7770145716997,780.7770145716997,780.7770145716997,780.7770145716997,780.7770145716997
5228,780.7770145716997,780.7770145716997,780.7770145716997,780.7770145716997,780.7770145716997,780.7770145716997,780.7770145716997
5229,780.7770145716997,780.7770145716997,780.7770145716997,780.7770145716997,780.7770145716997,780.7770145716997,780.7770145716997
5230,780.7770145716997,780.7770145716997,780.7770145716997,780.7770145716997,780.7770145716997,780.7770145716997,780.7770145716997
5231,780.7770145716997,780.7770145716997,780.7770145716997,780.7770145716997,780.7770145716997,780.7770145716997,780.7770145716997
5232,780.7770145716997,780.7770145716997,780.7770145716997,780.7770145716997,780.7770145716997,780.7770145716997,780.7770145716997
5233,780.7770145716997,780.7770145716997,780.7770145716997,780.7770145716997,780.7770145716997,780.7770145716997,780.7770145716997
5234,780.7770145716997,780.7770145716997,780.7770145716997,780.7770145716997,780.7770145716997,780.7770145716997,780.7770145716997
5235,780.7770145716997,780.7770145716997,780.7770145716997,780.7770145716997,780.7770145716997,780.7770145716997,780.7770145716997
5236,780.7770145716997,780.7770145716997,780.7770145716997,780.7770145716997,780.7770145716997,780.7770145716997,780.7770145716997
5237,780.7770145716997,780.7770145716997,780.7770145716997,780.7770145716997,780.7770145716997,780.7770145716997,780.7770145716997
5238,780.7770145716997,780.7770145716997,780.7770145716997,780.7770145716997,780.7770145716997,780.7770145716997,780.7770145716997
5239,780.7770145716997,780.7770145716997,780.7770145716997,780.7770145716997,780.7770145716997,780.7770145716997,780.7770145716997
5240,780.7770145716997,780.7770145716997,780.7770145716997,780.7770145716997,780.7770145716997,780.7770145716997,780.7770145716997
5241,780.7770145716997,780.7770145716997,780.7770145716997,780.7770145716997,780.7770145716997,780.7770145716997,780.7770145716997
5242,780.7770145716997,780.7770145716997,780.7770145716997,780.7770145716997,780.7770145716997,780.7770145716997,780.7770145716997
5243,780.7770145716997,780.7770145716997,780.7770145716997,780.7770145716997,780.7770145716997,780.7770145716997,863.8028561235212
5244,780.7770145716997,780.7770145716997,780.7770145716997,780.7770145716997,780.7770145716997,863.8028561235212,863.8028561235212
5245,780.7770145716997,780.7770145716997,780.7770145716997,780.7770145716997,863.8028561235212,863.8028561235212,863.8028561235212
5246,780.7770145716997,780.7770145716997,780.7770145716997,863.8028561235212,863.8028561235212,863.8028561235212,863.8028561235212
5247,780.7770145716997,780.7770145716997,863.8028561235212,863.8028561235212,863.8028561235212,863.8028561235212,863.8028561235212
5248,780.7770145716997,863.8028561235212,863.8028561235212,863.8028561235212,863.8028561235212,863.8028561235212,863.8028561235212
5249,863.8028561235212,863.8028561235212,863.8028561235212,863.8028561235212,863.8028561235212,863.8028561235212,863.8028561235212
5250,863.8028561235212,863.8028561235212,863.8028561235212,863.8028561235212,863.8028561235212,863.8028561235212,863.8028561235212
5251,863.8028561235212,863.8028561235212,863.8028561235212,863.8028561235212,863.8028561235212,863.8028561235212,863.8028561235212
5252,863.8028561235212,863.8028561235212,863.8028561235212,863.8028561235212,863.8028561235212,863.8028561235212,863.8028561235212
5253,863.8028561235212,863.8028561235212,863.8028561235212,863.8028561235212,863.8028561235212,863.8028561235212,863.8028561235212
5254,863.8028561235212,863.8028561235212,863.8028561235212,863.8028561235212,863.8028561235212,863.8028561235212,863.8028561235212
5255,863.8028561235212,863.8028561235212,863.8028561235212,863.8028561235212,863.8028561235212,863.8028561235212,863.8028561235212
5256,863.8028561235212,863.8028561235212,863.8028561235212,863.8028561235212,863.8028561235212,863.8028561235212,863.8028561235212
5257,863.8028561235212,863.8028561235212,863.8028561235212,863.8028561235212,863.8028561235212,863.8028561235212,863.8028561235212
5258,863.8028561235212,863.8028561235212,863.8028561235212,863.8028561235212,863.8028561235212,863.8028561235212,863.8028561235212
5259,863.8028561235212,863.8028561235212,863.8028561235212,863.8028561235212,863.8028561235212,863.8028561235212,1038.0110846788293
5260,863.8028561235212,863.8028561235212,863.8028561235212,863.8028561235212,863.8028561235212,863.0055221019754,863.0055221019754
5261,863.8028561235212,863.8028561235212,863.8028561235212,863.8028561235212,764.7476644650637,764.7476644650637,764.7476644650637
5262,863.8028561235212,863.8028561235212,863.8028561235212,680.6566143445853,680.6566143445853,680.6566143445853,680.6566143445853
5263,863.8028561235212,863.8028561235212,722.1172712046048,722.1172712046048,722.1172712046048,722.1172712046048,722.1172712046048
5264,863.8028561235212,604.5197717470946,604.5197717470946,604.5197717470946,604.5197717470946,604.5197717470946,604.5197717470946
5265,574.9774291004411,574.9774291004411,574.9774291004411,574.9774291004411,574.9774291004411,574.9774291004411,574.9774291004411
5266,588.6113567011184,588.6113567011184,588.6113567011184,588.6113567011184,588.6113567011184,588.6113567011184,588.6113567011184
5267,580.6571491781303,580.6571491781303,580.6571491781303,580.6571491781303,580.6571491781303,580.6571491781303,580.6571491781303
5268,527.2521839625126,527.2521839625126,527.2521839625126,527.2521839625126,527.2521839625126,527.2521839625126,527.2521839625126
5269,518.1607327168751,518.1607327168751,518.1607327168751,518.1607327168751,518.1607327168751,518.1607327168751,518.1607327168751
5270,490.3210063864168,490.3210063864168,490.3210063864168,490.3210063864168,490.3210063864168,490.3210063864168,490.3210063864168
5271,573.8401853777917,573.8401853777917,573.8401853777917,573.8401853777917,573.8401853777917,573.8401853777917,573.8401853777917
5272,599.9707968564968,599.9707968564968,599.9707968564968,599.9707968564968,599.9707968564968,599.9707968564968,599.9707968564968
5273,576.6800454166363,576.6800454166363,576.6800454166363,576.6800454166363,576.6800454166363,576.6800454166363,576.6800454166363
5274,584.0623818105206,584.0623818105206,584.0623818105206,584.0623818105206,584.0623818105206,584.0623818105206,584.0623818105206
5275,538.0462515243453,538.0462515243453,538.0462515243453,538.0462515243453,538.0462515243453,538.0462515243453,538.0462515243453
5276,471.572731301596,471.572731301596,471.572731301596,471.572731301596,471.572731301596,471.572731301596,471.572731301596
5277,469.2982438562971,469.2982438562971,469.2982438562971,469.2982438562971,469.2982438562971,469.2982438562971,469.2982438562971
5278,476.6805802501815,476.6805802501815,476.6805802501815,476.6805802501815,476.6805802501815,476.6805802501815,476.6805802501815
5279,472.70347648868744,472.70347648868744,472.70347648868744,472.70347648868744,472.70347648868744,472.70347648868744,472.70347648868744
5280,457.9323051653607,457.9323051653607,457.9323051653607,457.9323051653607,457.9323051653607,457.9323051653607,457.9323051653607
5281,468.42744009152557,468.42744009152557,468.42744009152557,468.42744009152557,468.42744009152557,468.42744009152557,468.42744009152557
5282,503.7599779203542,503.7599779203542,503.7599779203542,503.7599779203542,503.7599779203542,503.7599779203542,503.7599779203542
5283,495.84476161071404,495.84476161071404,495.84476161071404,495.84476161071404,495.84476161071404,495.84476161071404,495.84476161071404
5284,559.8033485725185,559.8033485725185,559.8033485725185,559.8033485725185,559.8033485725185,559.8033485725185,559.8033485725185
5285,507.41215490394836,507.41215490394836,507.41215490394836,507.41215490394836,507.41215490394836,507.41215490394836,507.41215490394836
5286,447.11224346129603,447.11224346129603,447.11224346129603,447.11224346129603,447.11224346129603,447.11224346129603,447.11224346129603
5287,447.11224346129603,447.11224346129603,447.11224346129603,447.11224346129603,447.11224346129603,447.11224346129603,447.11224346129603
5288,447.11224346129603,447.11224346129603,447.11224346129603,447.11224346129603,447.11224346129603,447.11224346129603,447.11224346129603
5289,435.53835163250375,435.53835163250375,435.53835163250375,435.53835163250375,435.53835163250375,435.53835163250375,435.53835163250375
5290,349.64720716245995,349.64720716245995,349.64720716245995,349.64720716245995,349.64720716245995,349.64720716245995,349.64720716245995
5291,402.64276463792396,402.64276463792396,402.64276463792396,402.64276463792396,402.64276463792396,402.64276463792396,402.64276463792396
5292,403.85799078726933,403.85799078726933,403.85799078726933,403.85799078726933,403.85799078726933,403.85799078726933,403.85799078726933
5293,433.10140079825493,433.10140079825493,433.10140079825493,433.10140079825493,433.10140079825493,433.10140079825493,433.10140079825493
5294,419.7014204776655,419.7014204776655,419.7014204776655,419.7014204776655,419.7014204776655,419.7014204776655,419.7014204776655
5295,480.6121942627696,480.6121942627696,480.6121942627696,480.6121942627696,480.6121942627696,480.6121942627696,480.6121942627696
5296,414.82751880916794,414.82751880916794,414.82751880916794,414.82751880916794,414.82751880916794,414.82751880916794,414.82751880916794
5297,450.1535581024386,450.1535581024386,450.1535581024386,450.1535581024386,450.1535581024386,450.1535581024386,450.1535581024386
5298,422.13837131191434,422.13837131191434,422.13837131191434,422.13837131191434,422.13837131191434,422.13837131191434,422.13837131191434
5299,423.35359746125977,423.35359746125977,423.35359746125977,423.35359746125977,423.35359746125977,423.35359746125977,423.35359746125977
5300,368.5319514939987,368.5319514939987,368.5319514939987,368.5319514939987,368.5319514939987,368.5319514939987,368.5319514939987
5301,321.6255218363778,321.6255218363778,321.6255218363778,321.6255218363778,321.6255218363778,321.6255218363778,321.6255218363778
5302,277.16254154856364,277.16254154856364,277.16254154856364,277.16254154856364,277.16254154856364,277.16254154856364,277.16254154856364
5303,288.736433377356,288.736433377356,288.736433377356,288.736433377356,288.736433377356,288.736433377356,288.736433377356
5304,300.3038266705903,300.3038266705903,300.3038266705903,300.3038266705903,300.3038266705903,300.3038266705903,300.3038266705903
5305,238.78219054303452,238.78219054303452,238.78219054303452,238.78219054303452,238.78219054303452,238.78219054303452,238.78219054303452
5306,219.8974462114958,219.8974462114958,219.8974462114958,219.8974462114958,219.8974462114958,219.8974462114958,219.8974462114958
5307,235.13001355944033,235.13001355944033,235.13001355944033,235.13001355944033,235.13001355944033,235.13001355944033,235.13001355944033
5308,219.2930824046021,219.2930824046021,219.2930824046021,219.2930824046021,219.2930824046021,219.2930824046021,219.2930824046021
5309,168.73447576338697,168.73447576338697,168.73447576338697,168.73447576338697,168.73447576338697,168.73447576338697,168.73447576338697
5310,260.7147480512737,260.7147480512737,260.7147480512737,260.7147480512737,260.7147480512737,260.7147480512737,260.7147480512737
5311,218.0713577196987,218.0713577196987,218.0713577196987,218.0713577196987,218.0713577196987,218.0713577196987,218.0713577196987
5312,217.72043679956687,217.72043679956687,217.72043679956687,217.72043679956687,217.72043679956687,217.72043679956687,217.72043679956687
5313,217.72043679956687,217.72043679956687,217.72043679956687,217.72043679956687,217.72043679956687,217.72043679956687,217.72043679956687
5314,193.25345042370893,193.25345042370893,193.25345042370893,193.25345042370893,193.25345042370893,193.25345042370893,193.25345042370893
5315,193.25345042370893,193.25345042370893,193.25345042370893,193.25345042370893,193.25345042370893,193.25345042370893,193.25345042370893
5316,193.25345042370893,193.25345042370893,193.25345042370893,193.25345042370893,193.25345042370893,193.25345042370893,193.25345042370893
5317,188.23008243737738,188.23008243737738,188.23008243737738,188.23008243737738,188.23008243737738,188.23008243737738,188.23008243737738
5318,204.54140668794938,204.54140668794938,204.54140668794938,204.54140668794938,204.54140668794938,204.54140668794938,204.54140668794938
5319,205.80212258620074,205.80212258620074,205.80212258620074,205.80212258620074,205.80212258620074,205.80212258620074,205.80212258620074
5320,205.80212258620074,205.80212258620074,205.80212258620074,205.80212258620074,205.80212258620074,205.80212258620074,205.80212258620074
5321,148.07563122451515,148.07563122451515,148.07563122451515,148.07563122451515,148.07563122451515,148.07563122451515,148.07563122451515
5322,148.07563122451515,148.07563122451515,148.07563122451515,148.07563122451515,148.07563122451515,148.07563122451515,148.07563122451515
5323,148.07563122451515,148.07563122451515,148.07563122451515,148.07563122451515,148.07563122451515,148.07563122451515,148.07563122451515
5324,148.07563122451515,148.07563122451515,148.07563122451515,148.07563122451515,148.07563122451515,148.07563122451515,148.07563122451515
5325,148.07563122451515,148.07563122451515,148.07563122451515,148.07563122451515,148.07563122451515,148.07563122451515,148.07563122451515
5326,148.07563122451515,148.07563122451515,148.07563122451515,148.07563122451515,148.07563122451515,148.07563122451515,148.07563122451515
5327,125.48672162491826,125.48672162491826,125.48672162491826,125.48672162491826,125.48672162491826,125.48672162491826,125.48672162491826
5328,126.11707957404396,126.11707957404396,126.11707957404396,126.11707957404396,126.11707957404396,126.11707957404396,126.11707957404396
5329,87.21034718831709,87.21034718831709,87.21034718831709,87.21034718831709,87.21034718831709,87.21034718831709,87.21034718831709
5330,126.11707957404396,126.11707957404396,126.11707957404396,126.11707957404396,126.11707957404396,126.11707957404396,126.11707957404396
5331,126.11707957404396,126.11707957404396,126.11707957404396,126.11707957404396,126.11707957404396,126.11707957404396,126.11707957404396
5332,133.01852433663655,133.01852433663655,133.01852433663655,133.01852433663655,133.01852433663655,133.01852433663655,133.01852433663655
5333,133.01852433663655,133.01852433663655,133.01852433663655,133.01852433663655,133.01852433663655,133.01852433663655,133.01852433663655
5334,112.31419004885875,112.31419004885875,112.31419004885875,112.31419004885875,112.31419004885875,112.31419004885875,112.31419004885875
5335,122.97828689953151,122.97828689953151,122.97828689953151,122.97828689953151,122.97828689953151,122.97828689953151,122.97828689953151
5336,122.97828689953151,122.97828689953151,122.97828689953151,122.97828689953151,122.97828689953151,122.97828689953151,122.97828689953151
5337,122.97828689953151,122.97828689953151,122.97828689953151,122.97828689953151,122.97828689953151,122.97828689953151,122.97828689953151
5338,122.97828689953151,122.97828689953151,122.97828689953151,122.97828689953151,122.97828689953151,122.97828689953151,122.97828689953151
5339,122.97828689953151,122.97828689953151,122.97828689953151,122.97828689953151,122.97828689953151,122.97828689953151,122.97828689953151
5340,118.58527686232566,118.58527686232566,118.58527686232566,118.58527686232566,118.58527686232566,118.58527686232566,118.58527686232566
5341,119.21563481145134,119.21563481145134,119.21563481145134,119.21563481145134,119.21563481145134,119.21563481145134,119.21563481145134
5342,126.11707957404396,126.11707957404396,126.11707957404396,126.11707957404396,126.11707957404396,126.11707957404396,126.11707957404396
5343,120.23590489405686,120.23590489405686,120.23590489405686,120.23590489405686,120.23590489405686,120.23590489405686,120.23590489405686
5344,132.19970885632895,132.19970885632895,132.19970885632895,132.19970885632895,132.19970885632895,132.19970885632895,132.19970885632895
5345,122.02950070806396,122.02950070806396,122.02950070806396,122.02950070806396,122.02950070806396,122.02950070806396,122.02950070806396
5346,100.49335386886256,100.49335386886256,100.49335386886256,100.49335386886256,100.49335386886256,100.49335386886256,100.49335386886256
5347,125.6166923360782,125.6166923360782,125.6166923360782,125.6166923360782,125.6166923360782,125.6166923360782,125.6166923360782
5348,143.56564754726537,143.56564754726537,143.56564754726537,143.56564754726537,143.56564754726537,143.56564754726537,143.56564754726537
5349,104.08704403243479,104.08704403243479,104.08704403243479,104.08704403243479,104.08704403243479,104.08704403243479,104.08704403243479
5350,105.88063984644191,105.88063984644191,105.88063984644191,105.88063984644191,105.88063984644191,105.88063984644191,105.88063984644191
5351,105.88063984644191,105.88063984644191,105.88063984644191,105.88063984644191,105.88063984644191,105.88063984644191,105.88063984644191
5352,105.88063984644191,105.88063984644191,105.88063984644191,105.88063984644191,105.88063984644191,105.88063984644191,105.88063984644191
5353,105.88063984644191,105.88063984644191,105.88063984644191,105.88063984644191,105.88063984644191,105.88063984644191,105.88063984644191
5354,105.88063984644191,105.88063984644191,105.88063984644191,105.88063984644191,105.88063984644191,105.88063984644191,105.88063984644191
5355,150.14216553195814,150.14216553195814,150.14216553195814,150.14216553195814,150.14216553195814,150.14216553195814,150.14216553195814
5356,93.3189706128341,93.3189706128341,93.3189706128341,93.3189706128341,93.3189706128341,93.3189706128341,93.3189706128341
5357,133.39543939900037,133.39543939900037,133.39543939900037,133.39543939900037,133.39543939900037,133.39543939900037,133.39543939900037
5358,117.84444380871403,117.84444380871403,117.84444380871403,117.84444380871403,117.84444380871403,117.84444380871403,117.84444380871403
5359,107.67423566044903,107.67423566044903,107.67423566044903,107.67423566044903,107.67423566044903,107.67423566044903,107.67423566044903
5360,120.23590489405686,120.23590489405686,120.23590489405686,120.23590489405686,120.23590489405686,120.23590489405686,120.23590489405686
5361,120.23590489405686,120.23590489405686,120.23590489405686,120.23590489405686,120.23590489405686,120.23590489405686,120.23590489405686
5362,120.23590489405686,120.23590489405686,120.23590489405686,120.23590489405686,120.23590489405686,120.23590489405686,120.23590489405686
5363,120.23590489405686,120.23590489405686,120.23590489405686,120.23590489405686,120.23590489405686,120.23590489405686,120.23590489405686
5364,120.23590489405686,120.23590489405686,120.23590489405686,120.23590489405686,120.23590489405686,120.23590489405686,120.23590489405686
5365,120.23590489405686,120.23590489405686,120.23590489405686,120.23590489405686,120.23590489405686,120.23590489405686,120.23590489405686
5366,120.23590489405686,120.23590489405686,120.23590489405686,120.23590489405686,120.23590489405686,120.23590489405686,120.23590489405686
5367,98.10189278351974,98.10189278351974,98.10189278351974,98.10189278351974,98.10189278351974,98.10189278351974,98.10189278351974
5368,98.10189278351974,98.10189278351974,98.10189278351974,98.10189278351974,98.10189278351974,98.10189278351974,98.10189278351974
5369,98.10189278351974,98.10189278351974,98.10189278351974,98.10189278351974,98.10189278351974,98.10189278351974,98.10189278351974
5370,91.52537479882697,91.52537479882697,91.52537479882697,91.52537479882697,91.52537479882697,91.52537479882697,91.52537479882697
5371,120.83377016539255,120.83377016539255,120.83377016539255,120.83377016539255,120.83377016539255,120.83377016539255,120.83377016539255
5372,95.11256642684121,95.11256642684121,95.11256642684121,95.11256642684121,95.11256642684121,95.11256642684121,95.11256642684121
5373,299.57599068809463,299.57599068809463,299.57599068809463,299.57599068809463,299.57599068809463,299.57599068809463,299.57599068809463
5374,303.23466620724685,303.23466620724685,303.23466620724685,303.23466620724685,303.23466620724685,303.23466620724685,303.23466620724685
5375,184.7793600560811,184.7793600560811,184.7793600560811,184.7793600560811,184.7793600560811,184.7793600560811,184.7793600560811
5376,371.3848086039593,371.3848086039593,371.3848086039593,371.3848086039593,371.3848086039593,371.3848086039593,371.3848086039593
5377,280.3663195786561,280.3663195786561,280.3663195786561,280.3663195786561,280.3663195786561,280.3663195786561,280.3663195786561
5378,280.3663195786561,280.3663195786561,280.3663195786561,280.3663195786561,280.3663195786561,280.3663195786561,280.3663195786561
5379,262.52783947195485,262.52783947195485,262.52783947195485,262.52783947195485,262.52783947195485,262.52783947195485,262.52783947195485
5380,266.6479110157248,266.6479110157248,266.6479110157248,266.6479110157248,266.6479110157248,266.6479110157248,266.6479110157248
5381,270.306586534877,270.306586534877,270.306586534877,270.306586534877,270.306586534877,270.306586534877,270.306586534877
5382,250.6355194008207,250.6355194008207,250.6355194008207,250.6355194008207,250.6355194008207,250.6355194008207,250.6355194008207
5383,250.6355194008207,250.6355194008207,250.6355194008207,250.6355194008207,250.6355194008207,250.6355194008207,250.6355194008207
5384,250.6355194008207,250.6355194008207,250.6355194008207,250.6355194008207,250.6355194008207,250.6355194008207,250.6355194008207
5385,238.74319932968655,238.74319932968655,238.74319932968655,238.74319932968655,238.74319932968655,238.74319932968655,238.74319932968655
5386,264.36042649930994,264.36042649930994,264.36042649930994,264.36042649930994,264.36042649930994,264.36042649930994,264.36042649930994
5387,210.39008869014648,210.39008869014648,210.39008869014648,210.39008869014648,210.39008869014648,210.39008869014648,210.39008869014648
5388,257.04307546100557,257.04307546100557,257.04307546100557,257.04307546100557,257.04307546100557,257.04307546100557,257.04307546100557
5389,268.9353955321397,268.9353955321397,268.9353955321397,268.9353955321397,268.9353955321397,268.9353955321397,268.9353955321397
5390,259.3305599774204,259.3305599774204,259.3305599774204,259.3305599774204,259.3305599774204,259.3305599774204,259.3305599774204
5391,260.7017509801577,260.7017509801577,260.7017509801577,260.7017509801577,260.7017509801577,260.7017509801577,260.7017509801577
5392,261.6115459582773,261.6115459582773,261.6115459582773,261.6115459582773,261.6115459582773,261.6115459582773,261.6115459582773
5393,251.55181291449824,251.55181291449824,251.55181291449824,251.55181291449824,251.55181291449824,251.55181291449824,251.55181291449824
5394,253.83929743091312,253.83929743091312,253.83929743091312,253.83929743091312,253.83929743091312,253.83929743091312,253.83929743091312
5395,265.2767200129875,265.2767200129875,265.2767200129875,265.2767200129875,265.2767200129875,265.2767200129875,265.2767200129875
5396,234.17472883241481,234.17472883241481,234.17472883241481,234.17472883241481,234.17472883241481,234.17472883241481,234.17472883241481
5397,234.17472883241481,234.17472883241481,234.17472883241481,234.17472883241481,234.17472883241481,234.17472883241481,234.17472883241481
5398,240.57578635704164,240.57578635704164,240.57578635704164,240.57578635704164,240.57578635704164,240.57578635704164,240.57578635704164
5399,279.91142208959633,279.91142208959633,279.91142208959633,279.91142208959633,279.91142208959633,279.91142208959633,279.91142208959633
5400,264.8153239883697,264.8153239883697,264.8153239883697,264.8153239883697,264.8153239883697,264.8153239883697,264.8153239883697
5401,253.83929743091312,253.83929743091312,253.83929743091312,253.83929743091312,253.83929743091312,253.83929743091312,253.83929743091312
5402,253.38439994185336,253.38439994185336,253.38439994185336,253.38439994185336,253.38439994185336,253.38439994185336,253.38439994185336
5403,259.7854574664802,259.7854574664802,259.7854574664802,259.7854574664802,259.7854574664802,259.7854574664802,259.7854574664802
5404,194.11775565292248,194.11775565292248,194.11775565292248,194.11775565292248,194.11775565292248,194.11775565292248,194.11775565292248
5405,198.25082426780847,198.25082426780847,198.25082426780847,198.25082426780847,198.25082426780847,198.25082426780847,198.25082426780847
5406,236.5986825955476,236.5986825955476,236.5986825955476,236.5986825955476,236.5986825955476,236.5986825955476,236.5986825955476
5407,155.17853058940565,155.17853058940565,155.17853058940565,155.17853058940565,155.17853058940565,155.17853058940565,155.17853058940565
5408,195.3004891244779,195.3004891244779,195.3004891244779,195.3004891244779,195.3004891244779,195.3004891244779,195.3004891244779
5409,155.76339878962537,155.76339878962537,155.76339878962537,155.76339878962537,155.76339878962537,155.76339878962537,155.76339878962537
5410,144.5534249520809,144.5534249520809,144.5534249520809,144.5534249520809,144.5534249520809,144.5534249520809,144.5534249520809
5411,151.6368287102974,151.6368287102974,151.6368287102974,151.6368287102974,151.6368287102974,151.6368287102974,151.6368287102974
5412,164.0295360193973,164.0295360193973,164.0295360193973,164.0295360193973,164.0295360193973,164.0295360193973,164.0295360193973
5413,169.9237077705004,169.9237077705004,169.9237077705004,169.9237077705004,169.9237077705004,169.9237077705004,169.9237077705004
5414,147.50376009541142,147.50376009541142,147.50376009541142,147.50376009541142,147.50376009541142,147.50376009541142,147.50376009541142
5415,157.53749899695848,157.53749899695848,157.53749899695848,157.53749899695848,157.53749899695848,157.53749899695848,157.53749899695848
5416,152.81306364629484,152.81306364629484,152.81306364629484,152.81306364629484,152.81306364629484,152.81306364629484,152.81306364629484
5417,179.95744667204747,179.95744667204747,179.95744667204747,179.95744667204747,179.95744667204747,179.95744667204747,179.95744667204747
5418,185.26675022293085,185.26675022293085,185.26675022293085,185.26675022293085,185.26675022293085,185.26675022293085,185.26675022293085
5419,181.1401801436029,181.1401801436029,181.1401801436029,181.1401801436029,181.1401801436029,181.1401801436029,181.1401801436029
5420,188.2170853662614,188.2170853662614,188.2170853662614,188.2170853662614,188.2170853662614,188.2170853662614,188.2170853662614
5421,164.0295360193973,164.0295360193973,164.0295360193973,164.0295360193973,164.0295360193973,164.0295360193973,164.0295360193973
5422,127.44278082787531,127.44278082787531,127.44278082787531,127.44278082787531,127.44278082787531,127.44278082787531,127.44278082787531
5423,127.44278082787531,127.44278082787531,127.44278082787531,127.44278082787531,127.44278082787531,127.44278082787531,127.44278082787531
5424,160.48783414028904,160.48783414028904,160.48783414028904,160.48783414028904,160.48783414028904,160.48783414028904,160.48783414028904
5425,135.70241952208923,135.70241952208923,135.70241952208923,135.70241952208923,135.70241952208923,135.70241952208923,135.70241952208923
5426,157.53749899695848,157.53749899695848,157.53749899695848,157.53749899695848,157.53749899695848,157.53749899695848,157.53749899695848
5427,133.3434511145364,133.3434511145364,133.3434511145364,133.3434511145364,133.3434511145364,133.3434511145364,133.3434511145364
5428,141.0182216085306,141.0182216085306,141.0182216085306,141.0182216085306,141.0182216085306,141.0182216085306,141.0182216085306
5429,257.25102859886147,257.25102859886147,257.25102859886147,257.25102859886147,257.25102859886147,257.25102859886147,257.25102859886147
5430,159.30510066873362,159.30510066873362,159.30510066873362,159.30510066873362,159.30510066873362,159.30510066873362,159.30510066873362
5431,158.7137339329559,158.7137339329559,158.7137339329559,158.7137339329559,158.7137339329559,158.7137339329559,158.7137339329559
5432,150.45409523874198,150.45409523874198,150.45409523874198,150.45409523874198,150.45409523874198,150.45409523874198,150.45409523874198
5433,174.64814312116408,174.64814312116408,174.64814312116408,174.64814312116408,174.64814312116408,174.64814312116408,174.64814312116408
5434,171.47035923330364,171.47035923330364,171.47035923330364,171.47035923330364,171.47035923330364,171.47035923330364,171.47035923330364
5435,218.35079474869258,218.35079474869258,218.35079474869258,218.35079474869258,218.35079474869258,218.35079474869258,218.35079474869258
5436,350.6479816383915,350.6479816383915,350.6479816383915,350.6479816383915,350.6479816383915,350.6479816383915,350.6479816383915
5437,234.40867611250266,234.40867611250266,234.40867611250266,234.40867611250266,234.40867611250266,234.40867611250266,234.40867611250266
5438,193.94879372841459,193.94879372841459,193.94879372841459,193.94879372841459,193.94879372841459,193.94879372841459,193.94879372841459
5439,177.2475573443628,177.2475573443628,177.2475573443628,177.2475573443628,177.2475573443628,177.2475573443628,177.2475573443628
5440,199.08263681923208,199.08263681923208,199.08263681923208,199.08263681923208,199.08263681923208,199.08263681923208,199.08263681923208
5441,174.0372807787124,174.0372807787124,174.0372807787124,174.0372807787124,174.0372807787124,174.0372807787124,174.0372807787124
5442,172.75057073822902,172.75057073822902,172.75057073822902,172.75057073822902,172.75057073822902,172.75057073822902,172.75057073822902
5443,165.68666258668648,165.68666258668648,165.68666258668648,165.68666258668648,165.68666258668648,165.68666258668648,165.68666258668648
5444,132.29718688969893,132.29718688969893,132.29718688969893,132.29718688969893,132.29718688969893,132.29718688969893,132.29718688969893
5445,113.02902896023839,113.02902896023839,113.02902896023839,113.02902896023839,113.02902896023839,113.02902896023839,113.02902896023839
5446,176.6042023241211,176.6042023241211,176.6042023241211,176.6042023241211,176.6042023241211,176.6042023241211,176.6042023241211
5447,150.27863477867606,150.27863477867606,150.27863477867606,150.27863477867606,150.27863477867606,150.27863477867606,150.27863477867606
5448,143.85158311181723,143.85158311181723,143.85158311181723,143.85158311181723,143.85158311181723,143.85158311181723,143.85158311181723
5449,98.90121265715334,98.90121265715334,98.90121265715334,98.90121265715334,98.90121265715334,98.90121265715334,98.90121265715334
5450,166.97337262716985,166.97337262716985,166.97337262716985,166.97337262716985,166.97337262716985,166.97337262716985,166.97337262716985
5451,145.78164817254228,145.78164817254228,145.78164817254228,145.78164817254228,145.78164817254228,145.78164817254228,145.78164817254228
5452,211.28688659715004,211.28688659715004,211.28688659715004,211.28688659715004,211.28688659715004,211.28688659715004,211.28688659715004
5453,127.80020028356512,127.80020028356512,127.80020028356512,127.80020028356512,127.80020028356512,127.80020028356512,127.80020028356512
5454,113.67238398048006,113.67238398048006,113.67238398048006,113.67238398048006,113.67238398048006,113.67238398048006,113.67238398048006
5455,166.33001760692815,166.33001760692815,166.33001760692815,166.33001760692815,166.33001760692815,166.33001760692815,166.33001760692815
5456,204.2229784456075,204.2229784456075,204.2229784456075,204.2229784456075,204.2229784456075,204.2229784456075,204.2229784456075
5457,299.91391453711043,299.91391453711043,299.91391453711043,299.91391453711043,299.91391453711043,299.91391453711043,299.91391453711043
5458,216.4207296879675,216.4207296879675,216.4207296879675,216.4207296879675,216.4207296879675,216.4207296879675,216.4207296879675
5459,255.60040056713024,255.60040056713024,255.60040056713024,255.60040056713024,255.60040056713024,255.60040056713024,255.60040056713024
5460,255.60040056713024,255.60040056713024,255.60040056713024,255.60040056713024,255.60040056713024,255.60040056713024,255.60040056713024
5461,255.60040056713024,255.60040056713024,255.60040056713024,255.60040056713024,255.60040056713024,255.60040056713024,255.60040056713024
5462,255.60040056713024,255.60040056713024,255.60040056713024,255.60040056713024,255.60040056713024,255.60040056713024,255.60040056713024
5463,255.60040056713024,255.60040056713024,255.60040056713024,255.60040056713024,255.60040056713024,255.60040056713024,255.60040056713024
5464,255.60040056713024,255.60040056713024,255.60040056713024,255.60040056713024,255.60040056713024,255.60040056713024,255.60040056713024
5465,493.7197404832491,493.7197404832491,493.7197404832491,493.7197404832491,493.7197404832491,493.7197404832491,493.7197404832491
5466,404.8782608698748,404.8782608698748,404.8782608698748,404.8782608698748,404.8782608698748,404.8782608698748,404.8782608698748
5467,408.04954622217724,408.04954622217724,408.04954622217724,408.04954622217724,408.04954622217724,408.04954622217724,408.04954622217724
5468,383.29662428176744,383.29662428176744,383.29662428176744,383.29662428176744,383.29662428176744,383.29662428176744,383.29662428176744
5469,319.83842455792865,319.83842455792865,319.83842455792865,319.83842455792865,319.83842455792865,319.83842455792865,319.83842455792865
5470,299.53050093918864,299.53050093918864,299.53050093918864,299.53050093918864,299.53050093918864,299.53050093918864,299.53050093918864
5471,295.0920011530768,295.0920011530768,295.0920011530768,295.0920011530768,295.0920011530768,295.0920011530768,295.0920011530768
5472,309.6877120163376,309.6877120163376,309.6877120163376,309.6877120163376,309.6877120163376,309.6877120163376,309.6877120163376
5473,250.031155593927,250.031155593927,250.031155593927,250.031155593927,250.031155593927,250.031155593927,250.031155593927
5474,253.83929743091312,253.83929743091312,253.83929743091312,253.83929743091312,253.83929743091312,253.83929743091312,253.83929743091312
